20,500	35,000	14,700	3,940	25,998
20,500	35,000	14,700	3,920	26,257
20,500	35,000	14,700	3,900	26,516
20,500	35,000	14,700	3,910	26,775
20,500	35,000	14,700	3,930	27,034
20,500	35,000	14,700	4,030	27,293
20,500	35,000	14,700	4,100	27,552
20,600	35,000	14,700	4,140	27,737
20,600	35,000	14,700	4,110	27,995
20,600	35,000	14,700	4,050	28,252
20,600	35,000	14,700	4,010	28,509
20,700	35,000	14,700	4,000	28,693
20,700	35,000	14,700	4,010	28,948
20,800	35,000	14,700	3,990	29,130
20,900	35,000	14,700	3,980	29,311
20,900	35,000	14,700	3,980	29,562
21,000	35,000	14,700	3,970	29,741
21,100	35,000	14,700	3,970	29,918
21,200	35,000	14,700	3,990	30,093
21,300	35,000	14,700	3,980	30,266
21,300	35,000	14,700	3,990	30,511
21,300	35,000	14,700	3,820	30,755
21,400	35,000	14,700	4,040	30,927
21,400	35,000	14,700	4,000	31,170
21,500	35,000	14,700	3,920	31,339
21,600	35,000	14,700	3,970	31,507
21,600	35,000	14,700	3,780	31,746
21,700	35,000	14,700	4,020	31,912
21,800	35,000	14,700	3,950	32,077
21,800	35,000	14,700	3,940	32,312
21,900	35,000	14,700	4,150	32,475
22,000	35,000	14,700	4,730	32,636
22,000	35,000	14,700	4,730	32,868
22,100	35,000	14,700	4,270	33,027
22,300	35,000	14,700	4,140	33,111
22,400	35,000	14,700	4,090	33,264
22,500	35,000	14,700	3,870	33,416
22,600	35,000	14,700	3,720	33,566
22,700	35,000	14,700	4,010	33,714
22,700	35,000	14,700	4,100	33,934
22,800	35,000	14,700	4,120	34,080
22,900	35,000	14,700	4,050	34,225
23,000	35,000	14,700	4,120	34,368
23,100	35,000	14,700	3,860	34,509
23,200	35,000	14,700	3,980	34,648
23,400	35,000	14,700	3,960	34,712
23,500	35,000	14,700	3,940	34,846
23,600	35,000	14,700	4,040	34,979
23,700	35,000	14,700	4,090	35,109
23,700	35,000	14,700	4,070	35,311
23,800	35,000	14,700	4,070	35,439
23,900	35,000	14,700	3,940	35,566
24,000	35,000	14,600	3,890	35,691
24,100	35,000	14,600	4,010	35,814
24,100	35,000	14,600	3,970	36,009
24,100	35,000	14,600	3,980	36,204
24,100	35,000	14,600	3,880	36,398
24,200	35,000	14,600	3,960	36,520
24,300	35,000	14,600	3,980	36,639
24,400	35,000	14,600	4,010	36,757
24,500	35,000	14,600	3,960	36,873
24,500	35,000	14,600	4,010	37,061
24,600	35,000	14,600	4,110	37,175
24,800	35,000	14,600	3,960	37,214
24,800	35,000	14,600	4,120	37,396
25,000	35,000	14,600	4,020	37,432
25,100	35,000	14,600	4,020	37,537
25,200	35,000	14,600	4,200	37,641
25,200	35,000	14,600	4,000	37,816
25,300	35,000	14,600	4,020	37,918
25,300	35,000	14,600	4,010	38,091
25,400	35,000	14,600	3,920	38,191
25,500	35,000	14,600	3,940	38,289
25,600	35,000	14,600	4,010	38,386
25,700	35,000	14,600	4,020	38,480
25,800	35,000	14,600	4,050	38,573
25,800	35,000	14,600	4,250	38,737
25,900	35,000	14,600	4,050	38,829
26,000	35,000	14,600	3,970	38,918
26,100	35,000	14,600	3,900	39,005
26,200	35,000	14,600	3,870	39,091
26,200	35,000	14,600	3,880	39,248
26,200	35,000	14,600	4,020	39,405
26,300	35,000	14,600	4,090	39,489
26,400	35,000	14,600	4,170	39,571
26,500	35,000	14,600	4,090	39,652
26,500	35,000	14,600	3,990	39,804
26,600	35,000	14,600	3,930	39,882
26,700	35,000	14,600	3,880	39,959
26,700	35,000	14,600	3,890	40,107
26,800	35,000	14,600	4,010	40,182
26,800	35,000	14,600	4,080	40,329
26,900	35,000	14,600	4,100	40,402
27,100	35,000	14,600	4,040	40,400
27,200	35,000	14,600	4,000	40,468
27,300	35,000	14,600	3,970	40,534
27,400	35,000	14,600	3,940	40,598
27,500	35,000	14,600	3,960	40,661
27,600	35,000	14,600	3,960	40,721
27,700	35,000	14,600	3,960	40,780
27,800	35,000	14,600	3,970	40,837
27,900	35,000	14,600	3,980	40,893
28,000	35,000	14,600	4,050	40,946
28,000	35,000	14,600	4,100	41,071
28,100	35,000	14,600	4,110	41,123
28,200	35,000	14,600	4,040	41,173
28,300	35,000	14,600	3,990	41,221
28,400	35,000	14,600	3,960	41,268
28,400	35,000	14,600	3,970	41,386
28,500	35,000	14,600	3,960	41,430
28,500	35,000	14,600	3,960	41,546
28,500	35,000	14,600	3,990	41,662
28,600	35,000	14,600	4,040	41,705
28,700	35,000	14,600	4,110	41,746
28,800	35,000	14,600	4,100	41,786
28,800	35,000	14,600	4,040	41,896
29,000	35,000	14,600	3,980	41,861
29,000	35,000	14,600	3,950	41,968
29,000	35,000	14,600	3,930	42,075
29,100	35,000	14,600	3,940	42,109
29,200	35,000	14,600	3,950	42,141
29,200	35,000	14,600	4,000	42,245
29,200	35,000	14,600	4,070	42,348
29,200	35,000	14,600	4,090	42,452
29,300	35,000	14,600	4,040	42,482
29,400	35,000	14,600	4,020	42,511
29,400	35,000	14,600	3,970	42,611
29,500	35,000	14,600	3,960	42,637
29,500	35,000	14,600	3,970	42,736
29,600	35,000	14,600	3,950	42,761
29,600	35,000	14,600	3,960	42,857
29,700	35,000	14,600	3,980	42,880
29,700	35,000	14,600	4,030	42,975
29,700	35,000	14,600	4,090	43,070
29,800	35,000	14,600	4,070	43,091
29,800	35,000	14,600	4,020	43,184
29,900	35,000	14,600	3,990	43,204
29,900	35,000	14,600	4,050	43,295
29,900	35,000	14,600	4,050	43,386
30,000	35,000	14,600	3,990	43,404
30,000	35,000	14,600	4,020	43,493
30,100	35,000	14,600	3,990	43,509
30,200	35,000	14,600	3,950	43,523
30,200	35,000	14,600	3,840	43,609
30,200	35,000	14,600	3,980	43,695
30,200	35,000	14,600	4,000	43,780
30,300	35,000	14,600	4,040	43,793
30,400	35,000	14,600	4,100	43,804
30,400	35,000	14,600	4,090	43,886
30,500	35,000	14,600	3,960	43,895
30,600	35,000	14,600	3,940	43,902
30,700	35,000	14,600	3,950	43,907
30,800	35,000	14,600	3,920	43,911
30,800	35,000	14,600	3,970	43,986
30,900	35,000	14,600	4,050	43,987
30,900	35,000	14,600	4,060	44,061
30,900	35,000	14,600	4,040	44,134
31,000	35,000	14,600	3,970	44,134
31,000	35,000	14,600	3,980	44,205
31,100	35,000	14,600	3,950	44,204
31,200	35,000	14,600	3,980	44,200
31,200	35,000	14,600	4,040	44,268
31,300	35,000	14,600	4,000	44,262
31,300	35,000	14,600	3,890	44,329
31,300	35,000	14,600	3,980	44,395
31,300	35,000	14,600	4,030	44,461
31,400	35,000	14,600	3,950	44,454
31,500	35,000	14,600	4,120	44,445
31,500	35,000	14,600	4,190	44,507
31,600	35,000	14,600	4,040	44,496
31,600	35,000	14,600	4,010	44,557
31,600	35,000	14,600	3,890	44,618
31,700	35,000	14,600	3,950	44,605
31,700	35,000	14,600	3,950	44,664
31,800	35,000	14,600	3,950	44,650
31,800	35,000	14,600	3,990	44,707
31,800	35,000	14,600	4,090	44,764
31,800	35,000	14,600	4,070	44,821
31,900	35,000	14,600	3,850	44,805
31,900	35,000	14,600	3,780	44,861
31,900	35,000	14,600	3,770	44,916
32,000	35,000	14,600	3,660	44,898
32,100	35,000	14,600	3,660	44,879
32,100	35,000	14,600	3,790	44,930
32,200	35,000	14,600	3,900	44,909
32,200	35,000	14,600	3,990	44,959
32,200	35,000	14,600	4,050	45,009
32,300	35,000	14,600	3,940	44,986
32,400	35,000	14,600	3,890	44,961
32,500	35,000	14,600	3,880	44,934
32,500	35,000	14,600	3,870	44,979
32,600	35,000	14,600	3,870	44,950
32,600	35,000	14,600	3,940	44,993
32,600	35,000	14,600	4,030	45,036
32,600	35,000	14,600	4,080	45,079
32,600	35,000	14,600	4,120	45,121
32,700	35,000	14,600	4,070	45,091
32,700	35,000	14,600	4,010	45,132
32,700	35,000	14,600	3,970	45,173
32,700	35,000	14,600	3,950	45,214
32,800	35,000	14,600	3,940	45,182
32,800	35,000	14,600	3,920	45,221
32,800	35,000	14,600	3,930	45,261
32,800	35,000	14,600	3,950	45,300
32,800	35,000	14,600	4,020	45,339
32,900	35,000	14,600	4,110	45,305
32,900	35,000	14,600	4,140	45,343
32,900	35,000	14,600	4,080	45,380
33,000	35,000	14,600	4,020	45,345
33,000	35,000	14,600	3,980	45,380
33,000	35,000	14,600	3,980	45,416
33,100	35,000	14,600	3,980	45,379
33,100	35,000	14,600	3,970	45,412
33,100	35,000	14,600	3,980	45,446
33,200	35,000	14,600	4,030	45,407
33,200	35,000	14,600	4,070	45,439
33,200	35,000	14,600	4,090	45,471
33,200	35,000	14,600	4,030	45,504
33,200	35,000	14,600	3,980	45,536
33,300	35,000	14,600	3,950	45,495
33,200	35,000	14,600	3,950	45,598
33,200	35,000	14,600	3,950	45,630
33,200	35,000	14,600	3,950	45,662
33,200	35,000	14,600	3,930	45,695
33,300	35,000	14,600	3,930	45,654
33,300	35,000	14,600	3,960	45,684
33,300	35,000	14,600	4,030	45,714
33,400	35,000	14,600	4,130	45,671
33,400	35,000	14,600	4,160	45,700
33,400	35,000	14,600	4,030	45,729
33,400	35,000	14,600	3,960	45,757
33,500	35,000	14,600	3,910	45,712
33,500	35,000	14,600	3,910	45,739
33,700	35,000	14,600	3,940	45,620
33,700	35,000	14,600	4,050	45,643
33,800	35,000	14,600	4,120	45,593
33,800	35,000	14,600	4,120	45,614
33,800	35,000	14,600	4,040	45,636
33,800	35,000	14,600	3,940	45,657
33,800	35,000	14,600	3,880	45,679
33,800	35,000	14,600	3,860	45,700
33,800	35,000	14,600	3,910	45,721
33,800	35,000	14,600	4,000	45,743
33,800	35,000	14,600	4,110	45,764
33,800	35,000	14,600	4,160	45,786
33,800	35,000	14,600	4,080	45,807
33,800	35,000	14,600	4,000	45,829
33,800	35,000	14,600	3,960	45,850
33,900	35,000	14,600	3,960	45,798
33,900	35,000	14,600	3,950	45,818
33,900	35,000	14,600	3,950	45,837
33,900	35,000	14,600	3,950	45,857
33,900	35,000	14,600	3,960	45,877
33,900	35,000	14,600	3,990	45,896
33,900	35,000	14,600	4,070	45,916
33,900	35,000	14,600	4,120	45,936
33,900	35,000	14,600	4,110	45,955
33,900	35,000	14,600	4,040	45,975
33,900	35,000	14,600	3,990	45,995
33,900	35,000	14,600	3,920	46,014
34,000	35,000	14,600	3,930	45,961
34,000	35,000	14,600	3,920	45,979
34,000	35,000	14,600	3,920	45,996
34,000	35,000	14,600	3,940	46,014
34,000	35,000	14,600	3,990	46,032
34,100	35,000	14,600	4,040	45,977
34,100	35,000	14,600	4,100	45,993
34,100	35,000	14,600	4,080	46,009
34,200	35,000	14,600	4,000	45,952
34,200	35,000	14,600	4,000	45,966
34,200	35,000	14,600	4,030	45,980
34,200	35,000	14,600	3,990	45,995
34,200	35,000	14,600	4,010	46,009
34,200	35,000	14,600	4,030	46,023
34,200	35,000	14,600	4,020	46,037
34,200	35,000	14,600	4,040	46,052
34,200	35,000	14,600	4,050	46,066
34,300	35,000	14,600	4,060	46,007
34,300	35,000	14,600	4,070	46,020
34,300	35,000	14,600	4,060	46,032
34,300	35,000	14,600	4,030	46,045
34,300	35,000	14,600	3,980	46,057
34,300	35,000	14,600	3,940	46,070
34,200	35,000	14,600	3,930	46,155
34,200	35,000	14,600	3,950	46,170
34,300	35,000	14,600	3,980	46,111
34,300	35,000	14,600	4,030	46,123
34,300	35,000	14,600	4,110	46,136
34,400	35,000	14,600	4,120	46,075
34,400	35,000	14,600	4,060	46,086
34,400	35,000	14,600	4,010	46,096
34,400	35,000	14,600	3,960	46,107
34,400	35,000	14,600	3,950	46,118
34,400	35,000	14,600	3,950	46,129
34,400	35,000	14,600	3,960	46,139
34,400	35,000	14,600	3,960	46,150
34,400	35,000	14,600	3,940	46,161
34,500	35,000	14,600	3,950	46,098
34,500	35,000	14,600	4,000	46,107
34,500	35,000	14,600	4,090	46,116
34,500	35,000	14,600	4,150	46,125
34,500	35,000	14,600	4,090	46,134
34,500	35,000	14,600	3,930	46,143
34,500	35,000	14,600	3,900	46,152
34,500	35,000	14,600	3,860	46,161
34,500	35,000	14,600	3,880	46,170
34,500	35,000	14,600	3,970	46,179
34,500	35,000	14,600	4,060	46,187
34,500	35,000	14,600	4,110	46,196
34,500	35,000	14,600	4,120	46,205
34,500	35,000	14,600	4,030	46,214
34,500	35,000	14,600	3,970	46,223
34,500	35,000	14,600	3,930	46,232
34,500	35,000	14,600	3,930	46,241
34,500	35,000	14,600	3,930	46,250
34,500	35,000	14,600	3,950	46,259
34,500	35,000	14,600	4,010	46,268
34,500	35,000	14,600	4,060	46,277
34,500	35,000	14,600	4,080	46,286
34,500	35,000	14,600	4,050	46,295
34,500	35,000	14,600	3,990	46,304
34,500	35,000	14,600	3,950	46,312
34,500	35,000	14,600	3,940	46,321
34,500	35,000	14,600	3,940	46,330
34,500	35,000	14,600	3,930	46,339
34,500	35,000	14,600	3,860	46,348
34,500	35,000	14,600	3,870	46,357
34,500	35,000	14,600	3,940	46,366
34,500	35,000	14,600	3,990	46,375
34,500	35,000	14,600	4,080	46,384
34,500	35,000	14,600	4,130	46,393
34,500	35,000	14,600	4,160	46,402
34,500	35,000	14,600	4,080	46,411
34,500	35,000	14,600	3,970	46,420
34,500	35,000	14,600	3,940	46,429
34,500	35,000	14,600	3,910	46,437
34,500	35,000	14,600	3,940	46,446
34,500	35,000	14,600	4,040	46,455
34,500	35,000	14,600	4,140	46,464
34,600	35,000	14,600	4,170	46,400
34,600	35,000	14,600	4,110	46,407
34,600	35,000	14,600	4,030	46,414
34,600	35,000	14,600	3,940	46,421
34,600	35,000	14,600	3,880	46,429
34,600	35,000	14,600	3,890	46,436
34,600	35,000	14,600	3,900	46,443
34,600	35,000	14,600	3,950	46,450
34,600	35,000	14,600	4,030	46,457
34,600	35,000	14,600	3,950	46,464
34,600	35,000	14,600	4,130	46,471
34,600	35,000	14,600	4,030	46,479
34,600	35,000	14,600	3,970	46,486
34,600	35,000	14,600	4,000	46,493
34,600	35,000	14,600	3,960	46,500
34,600	35,000	14,600	3,940	46,507
34,600	35,000	14,600	3,970	46,514
34,600	35,000	14,600	3,980	46,521
34,600	35,000	14,600	4,010	46,529
34,600	35,000	14,600	4,110	46,536
34,600	35,000	14,600	4,110	46,543
34,600	35,000	14,600	4,090	46,550
34,600	35,000	14,600	4,030	46,557
34,700	35,000	14,600	3,980	46,491
34,700	35,000	14,600	3,890	46,496
34,700	35,000	14,600	3,990	46,502
34,700	35,000	14,600	3,920	46,507
34,700	35,000	14,600	3,910	46,512
34,700	35,000	14,600	3,980	46,518
34,700	35,000	14,600	4,030	46,523
34,700	35,000	14,600	4,030	46,529
34,700	35,000	14,600	4,090	46,534
34,600	35,000	14,600	4,090	46,612
34,600	35,000	14,600	4,010	46,620
34,600	35,000	14,600	3,990	46,627
34,600	35,000	14,600	4,000	46,634
34,600	35,000	14,600	3,960	46,641
34,600	35,000	14,600	3,980	46,648
34,600	35,000	14,600	3,980	46,655
34,600	35,000	14,600	3,970	46,663
34,600	35,000	14,600	3,870	46,670
34,700	35,000	14,600	3,930	46,604
34,700	35,000	14,600	4,030	46,609
34,700	35,000	14,600	4,000	46,614
34,700	35,000	14,600	4,040	46,620
34,700	35,000	14,600	4,040	46,625
34,700	35,000	14,600	3,920	46,630
34,700	35,000	14,600	3,920	46,636
34,800	35,000	14,600	3,910	46,568
34,800	35,000	14,600	3,860	46,571
34,800	35,000	14,600	3,890	46,575
34,800	35,000	14,600	3,950	46,579
34,800	35,000	14,600	4,010	46,582
34,800	35,000	14,600	4,120	46,586
34,800	35,000	14,600	4,130	46,589
34,800	35,000	14,600	4,040	46,593
34,800	35,000	14,600	3,950	46,596
34,800	35,000	14,600	3,950	46,600
34,800	35,000	14,600	3,970	46,604
34,800	35,000	14,600	3,940	46,607
34,800	35,000	14,600	3,950	46,611
34,800	35,000	14,600	3,950	46,614
34,800	35,000	14,600	3,970	46,618
34,800	35,000	14,600	4,050	46,621
34,800	35,000	14,600	4,150	46,625
34,800	35,000	14,600	4,140	46,629
34,800	35,000	14,600	4,050	46,632
34,900	35,000	14,600	3,990	46,562
34,900	35,000	14,600	3,960	46,564
34,900	35,000	14,600	3,960	46,566
34,900	35,000	14,600	3,950	46,568
34,900	35,000	14,600	3,960	46,570
34,900	35,000	14,600	3,980	46,571
34,900	35,000	14,600	4,040	46,573
34,900	35,000	14,600	4,090	46,575
34,900	35,000	14,600	4,100	46,577
35,000	35,000	14,600	4,090	46,505
35,000	35,000	14,600	4,020	46,505
35,000	35,000	14,600	3,980	46,505
35,100	35,000	14,600	3,950	46,432
35,100	35,000	14,600	3,900	46,430
35,100	35,000	14,600	3,930	46,429
35,100	35,000	14,600	3,920	46,427
35,100	35,000	14,600	3,920	46,425
35,100	35,000	14,600	3,930	46,423
35,100	35,000	14,600	3,920	46,421
35,100	35,000	14,600	4,040	46,420
35,000	35,000	14,600	4,140	46,491
35,000	35,000	14,600	4,160	46,491
35,000	35,000	14,600	4,140	46,491
35,100	35,000	14,600	4,040	46,418
35,100	35,000	14,600	3,960	46,416
35,100	35,000	14,600	4,050	46,414
35,100	35,000	14,600	4,060	46,413
35,000	35,000	14,600	3,950	46,484
35,000	35,000	14,600	4,060	46,484
35,000	35,000	14,600	4,070	46,484
35,000	35,000	14,600	4,040	46,484
35,000	35,000	14,600	4,060	46,484
35,000	35,000	14,600	4,060	46,484
35,000	35,000	14,600	4,010	46,484
35,000	35,000	14,600	4,010	46,484
35,000	35,000	14,600	4,020	46,484
35,000	35,000	14,600	3,980	46,484
35,000	35,000	14,600	3,990	46,484
35,000	35,000	14,600	3,990	46,484
35,000	35,000	14,600	3,990	46,484
35,000	35,000	14,600	3,990	46,484
35,000	35,000	14,600	4,050	46,484
35,000	35,000	14,600	4,010	46,484
35,000	35,000	14,600	3,990	46,484
35,100	35,000	14,600	3,930	46,411
35,100	35,000	14,600	3,950	46,409
35,100	35,000	14,600	3,970	46,407
35,100	35,000	14,600	3,960	46,405
35,100	35,000	14,600	4,010	46,404
35,100	35,000	14,600	4,060	46,402
35,100	35,000	14,600	4,080	46,400
35,100	35,000	14,600	4,070	46,398
35,200	35,000	14,600	4,020	46,323
35,200	35,000	14,600	3,970	46,320
35,100	35,000	14,600	3,920	46,389
35,100	35,000	14,600	3,920	46,388
35,100	35,000	14,600	3,940	46,386
35,100	35,000	14,600	3,960	46,384
35,100	35,000	14,600	4,060	46,382
35,100	35,000	14,600	4,110	46,380
35,100	35,000	14,600	4,130	46,379
35,100	35,000	14,600	4,060	46,377
35,100	35,000	14,600	3,980	46,375
35,100	35,000	14,600	3,940	46,373
35,100	35,000	14,600	3,920	46,371
35,100	35,000	14,600	3,900	46,370
35,100	35,000	14,600	3,900	46,368
35,100	35,000	14,600	3,900	46,366
35,100	35,000	14,600	3,920	46,364
35,100	35,000	14,600	3,960	46,363
35,100	35,000	14,600	4,050	46,361
35,100	35,000	14,600	4,100	46,359
35,100	35,000	14,600	4,110	46,357
35,100	35,000	14,600	4,050	46,355
35,100	35,000	14,600	4,020	46,354
35,100	35,000	14,600	4,020	46,352
35,100	35,000	14,600	4,020	46,350
35,100	35,000	14,600	4,020	46,348
35,100	35,000	14,600	4,020	46,346
35,100	35,000	14,600	4,010	46,345
35,100	35,000	14,600	4,000	46,343
35,100	35,000	14,600	3,990	46,341
35,100	35,000	14,600	3,980	46,339
35,100	35,000	14,600	4,000	46,338
35,000	35,000	14,600	4,000	46,409
35,000	35,000	14,600	4,000	46,409
35,000	35,000	14,600	4,010	46,409
35,000	35,000	14,600	4,010	46,409
35,000	35,000	14,600	4,010	46,409
35,000	35,000	14,600	4,010	46,409
35,000	35,000	14,600	4,010	46,409
35,000	35,000	14,600	4,000	46,409
35,000	35,000	14,600	4,000	46,409
35,100	35,000	14,600	4,000	46,336
35,100	35,000	14,600	4,000	46,334
35,100	35,000	14,600	4,020	46,332
35,100	35,000	14,600	4,030	46,330
35,100	35,000	14,600	4,020	46,329
35,100	35,000	14,600	3,990	46,327
35,100	35,000	14,600	3,970	46,325
35,100	35,000	14,600	3,960	46,323
35,000	35,000	14,600	3,960	46,395
35,000	35,000	14,600	3,960	46,395
35,000	35,000	14,600	3,950	46,395
35,000	35,000	14,600	3,950	46,395
35,000	35,000	14,600	3,950	46,395
35,000	35,000	14,600	3,950	46,395
34,900	35,000	14,600	3,960	46,468
34,900	35,000	14,600	4,000	46,470
34,900	35,000	14,600	4,050	46,471
34,900	35,000	14,600	4,090	46,473
34,900	35,000	14,600	4,120	46,475
34,900	35,000	14,600	4,060	46,477
34,900	35,000	14,600	3,980	46,479
35,000	35,000	14,600	3,930	46,407
35,000	35,000	14,600	3,910	46,407
35,000	35,000	14,600	3,900	46,407
34,900	35,000	14,600	3,940	46,480
34,900	35,000	14,600	4,020	46,482
34,900	35,000	14,600	4,100	46,484
34,900	35,000	14,600	4,130	46,486
34,900	35,000	14,600	4,120	46,487
34,900	35,000	14,600	4,020	46,489
34,900	35,000	14,600	3,960	46,491
34,900	35,000	14,600	3,940	46,493
34,900	35,000	14,600	3,930	46,495
34,900	35,000	14,600	3,930	46,496
34,900	35,000	14,600	3,910	46,498
34,900	35,000	14,600	3,900	46,500
34,900	35,000	14,600	3,960	46,502
34,900	35,000	14,600	4,010	46,504
34,900	35,000	14,600	4,070	46,505
34,900	35,000	14,600	4,130	46,507
34,900	35,000	14,600	4,120	46,509
34,900	35,000	14,600	4,060	46,511
34,900	35,000	14,600	4,010	46,512
34,900	35,000	14,600	4,030	46,514
34,900	35,000	14,600	4,010	46,516
34,900	35,000	14,600	3,990	46,518
34,900	35,000	14,600	4,010	46,520
34,900	35,000	14,600	4,050	46,521
34,900	35,000	14,600	4,010	46,523
34,900	35,000	14,600	3,990	46,525
34,900	35,000	14,600	3,970	46,527
34,900	35,000	14,600	3,940	46,529
34,900	35,000	14,600	3,910	46,530
34,900	35,000	14,600	3,910	46,532
34,900	35,000	14,600	3,940	46,534
34,900	35,000	14,600	3,980	46,536
34,900	35,000	14,600	4,070	46,537
34,900	35,000	14,600	4,090	46,539
34,900	35,000	14,600	4,080	46,541
34,900	35,000	14,600	4,050	46,543
34,900	35,000	14,600	3,940	46,545
34,900	35,000	14,600	3,890	46,546
34,900	35,000	14,600	3,980	46,548
34,900	35,000	14,600	3,920	46,550
34,900	35,000	14,600	3,900	46,552
34,900	35,000	14,600	4,070	46,554
34,900	35,000	14,600	4,160	46,555
34,900	35,000	14,600	4,080	46,557
34,900	35,000	14,600	4,090	46,559
34,900	35,000	14,600	4,030	46,561
34,900	35,000	14,600	3,940	46,562
34,900	35,000	14,600	3,970	46,564
34,900	35,000	14,600	3,980	46,566
34,900	35,000	14,600	3,940	46,568
34,900	35,000	14,600	3,960	46,570
34,900	35,000	14,600	4,030	46,571
34,900	35,000	14,600	4,040	46,573
34,900	35,000	14,600	4,060	46,575
34,900	35,000	14,600	4,040	46,577
34,900	35,000	14,600	3,930	46,579
34,900	35,000	14,600	3,900	46,580
35,000	35,000	14,600	3,920	46,509
35,000	35,000	14,600	3,980	46,509
35,000	35,000	14,600	4,010	46,509
34,900	35,000	14,600	4,010	46,582
34,900	35,000	14,600	4,020	46,584
34,900	35,000	14,600	4,050	46,586
34,900	35,000	14,600	4,100	46,587
34,900	35,000	14,600	4,120	46,589
35,000	35,000	14,600	4,060	46,518
35,000	35,000	14,600	3,980	46,518
35,000	35,000	14,600	3,940	46,518
35,000	35,000	14,600	3,920	46,518
35,000	35,000	14,600	3,900	46,518
35,000	35,000	14,600	3,870	46,518
35,000	35,000	14,600	3,900	46,518
35,000	35,000	14,600	3,980	46,518
35,000	35,000	14,600	4,060	46,518
35,000	35,000	14,600	4,100	46,518
35,000	35,000	14,600	4,010	46,518
35,100	35,000	14,600	3,970	46,445
35,100	35,000	14,600	3,970	46,443
35,100	35,000	14,600	4,000	46,441
35,100	35,000	14,600	4,070	46,439
35,100	35,000	14,600	4,140	46,437
35,100	35,000	14,600	4,180	46,436
35,100	35,000	14,600	4,160	46,434
35,100	35,000	14,600	4,050	46,432
35,100	35,000	14,600	4,010	46,430
35,100	35,000	14,600	3,950	46,429
35,100	35,000	14,600	3,870	46,427
35,100	35,000	14,600	3,860	46,425
35,100	35,000	14,600	3,960	46,423
35,100	35,000	14,600	4,070	46,421
35,100	35,000	14,600	4,120	46,420
35,100	35,000	14,600	4,110	46,418
35,100	35,000	14,600	4,020	46,416
35,100	35,000	14,600	4,000	46,414
35,100	35,000	14,600	3,970	46,413
35,100	35,000	14,600	3,930	46,411
35,100	35,000	14,600	3,900	46,409
35,100	35,000	14,600	3,900	46,407
35,100	35,000	14,600	3,940	46,405
35,100	35,000	14,600	4,000	46,404
35,100	35,000	14,600	4,070	46,402
35,100	35,000	14,600	4,140	46,400
35,100	35,000	14,600	4,100	46,398
35,100	35,000	14,600	4,010	46,396
35,200	35,000	14,600	3,970	46,321
35,200	35,000	14,600	3,940	46,318
35,200	35,000	14,600	3,910	46,314
35,200	35,000	14,600	3,910	46,311
35,200	35,000	14,600	3,960	46,307
35,200	35,000	14,600	4,040	46,304
35,200	35,000	14,600	4,120	46,300
35,200	35,000	14,600	4,110	46,296
35,200	35,000	14,600	4,020	46,293
35,200	35,000	14,600	3,950	46,289
35,200	35,000	14,600	3,920	46,286
35,100	35,000	14,600	3,900	46,355
35,100	35,000	14,600	3,800	46,354
35,100	35,000	14,600	3,730	46,352
35,100	35,000	14,600	3,910	46,350
35,100	35,000	14,600	3,950	46,348
35,100	35,000	14,600	4,020	46,346
35,100	35,000	14,600	4,120	46,345
35,100	35,000	14,600	4,090	46,343
35,100	35,000	14,600	4,000	46,341
35,100	35,000	14,600	4,000	46,339
35,100	35,000	14,600	3,980	46,338
35,100	35,000	14,600	3,970	46,336
35,100	35,000	14,600	3,980	46,334
35,100	35,000	14,600	4,000	46,332
35,100	35,000	14,600	4,190	46,330
35,100	35,000	14,600	3,930	46,329
35,100	35,000	14,600	4,000	46,327
35,100	35,000	14,600	4,030	46,325
35,100	35,000	14,600	3,790	46,323
35,100	35,000	14,600	3,750	46,321
35,100	35,000	14,600	3,890	46,320
35,100	35,000	14,600	3,830	46,318
35,100	35,000	14,600	3,940	46,316
35,100	35,000	14,600	4,540	46,314
35,100	35,000	14,600	5,060	46,313
35,100	35,000	14,600	4,790	46,311
35,100	35,000	14,600	4,460	46,309
35,100	35,000	14,600	4,340	46,307
35,100	35,000	14,600	4,090	46,305
35,100	35,000	14,600	3,900	46,304
35,100	35,000	14,600	3,790	46,302
35,100	35,000	14,600	3,850	46,300
35,100	35,000	14,600	3,990	46,298
35,100	35,000	14,600	3,880	46,296
35,100	35,000	14,600	3,850	46,295
35,000	35,000	14,600	3,830	46,366
35,000	35,000	14,600	4,060	46,366
35,000	35,000	14,600	4,080	46,366
34,900	35,000	14,600	4,140	46,439
34,900	35,000	14,600	4,200	46,441
34,900	35,000	14,600	4,120	46,443
34,900	35,000	14,600	4,010	46,445
34,900	35,000	14,600	3,980	46,446
34,900	35,000	14,600	3,980	46,448
34,900	35,000	14,600	3,960	46,450
34,900	35,000	14,600	3,990	46,452
34,900	35,000	14,600	4,030	46,454
34,900	35,000	14,600	4,140	46,455
34,900	35,000	14,600	4,160	46,457
34,900	35,000	14,600	4,120	46,459
34,900	35,000	14,600	4,050	46,461
34,900	35,000	14,600	3,910	46,462
34,900	35,000	14,600	3,930	46,464
34,900	35,000	14,600	3,900	46,466
34,900	35,000	14,600	3,690	46,468
34,900	35,000	14,600	3,670	46,470
34,900	35,000	14,600	4,000	46,471
34,900	35,000	14,600	4,240	46,473
34,900	35,000	14,600	4,200	46,475
34,900	35,000	14,600	4,140	46,477
34,900	35,000	14,600	4,120	46,479
34,800	35,000	14,600	4,040	46,554
34,800	35,000	14,600	3,970	46,557
34,800	35,000	14,600	3,950	46,561
34,800	35,000	14,600	3,920	46,564
34,800	35,000	14,600	3,900	46,568
34,800	35,000	14,600	3,830	46,571
34,800	35,000	14,600	3,890	46,575
34,800	35,000	14,600	4,110	46,579
34,800	35,000	14,600	4,300	46,582
34,800	35,000	14,600	4,110	46,586
34,800	35,000	14,600	4,030	46,589
34,800	35,000	14,600	3,990	46,593
34,800	35,000	14,600	3,940	46,596
34,800	35,000	14,600	3,890	46,600
34,800	35,000	14,600	3,930	46,604
34,800	35,000	14,600	3,870	46,607
34,800	35,000	14,600	4,030	46,611
34,800	35,000	14,600	3,910	46,614
34,800	35,000	14,600	3,800	46,618
34,800	35,000	14,600	4,120	46,621
34,800	35,000	14,600	4,120	46,625
34,800	35,000	14,600	4,060	46,629
34,800	35,000	14,600	4,150	46,632
34,800	35,000	14,600	4,120	46,636
34,800	35,000	14,600	4,040	46,639
34,900	35,000	14,600	4,010	46,570
34,900	35,000	14,600	3,940	46,571
34,900	35,000	14,600	3,900	46,573
34,900	35,000	14,600	3,900	46,575
34,900	35,000	14,600	3,820	46,577
34,900	35,000	14,600	3,830	46,579
34,900	35,000	14,600	4,030	46,580
34,900	35,000	14,600	4,290	46,582
34,900	35,000	14,600	4,230	46,584
34,900	35,000	14,600	4,090	46,586
34,800	35,000	14,600	4,060	46,661
34,800	35,000	14,600	4,020	46,664
34,800	35,000	14,600	3,970	46,668
34,800	35,000	14,600	3,960	46,671
34,800	35,000	14,600	3,930	46,675
34,800	35,000	14,600	3,920	46,679
34,800	35,000	14,600	3,820	46,682
34,800	35,000	14,600	3,840	46,686
34,800	35,000	14,600	3,970	46,689
34,800	35,000	14,600	4,240	46,693
34,800	35,000	14,600	4,240	46,696
34,900	35,000	14,600	4,070	46,627
34,900	35,000	14,600	4,020	46,629
34,900	35,000	14,600	3,990	46,630
34,900	35,000	14,600	3,920	46,632
34,900	35,000	14,600	3,900	46,634
34,900	35,000	14,600	3,920	46,636
34,900	35,000	14,600	4,000	46,637
34,900	35,000	14,600	4,000	46,639
34,900	35,000	14,600	3,880	46,641
34,900	35,000	14,600	4,000	46,643
34,900	35,000	14,600	4,140	46,645
35,000	35,000	14,600	4,050	46,573
35,000	35,000	14,600	4,000	46,573
35,000	35,000	14,600	4,010	46,573
35,000	35,000	14,600	3,990	46,573
35,000	35,000	14,600	3,950	46,573
35,000	35,000	14,500	3,960	46,573
35,000	35,000	14,500	3,960	46,573
35,000	35,000	14,600	4,020	46,573
35,000	35,000	14,600	4,100	46,573
35,000	35,000	14,600	4,130	46,573
35,000	35,000	14,600	4,070	46,573
35,000	35,000	14,600	4,000	46,573
35,000	35,000	14,500	3,940	46,573
35,100	35,000	14,500	3,910	46,500
35,100	35,000	14,500	3,880	46,498
35,100	35,000	14,500	3,890	46,496
35,100	35,000	14,500	3,990	46,495
35,100	35,000	14,500	4,040	46,493
35,100	35,000	14,600	4,110	46,491
35,100	35,000	14,600	4,030	46,489
35,100	35,000	14,600	4,010	46,488
35,100	35,000	14,600	4,010	46,486
35,100	35,000	14,600	4,030	46,484
35,100	35,000	14,600	4,010	46,482
35,100	35,000	14,500	4,010	46,480
35,100	35,000	14,500	4,030	46,479
35,100	35,000	14,500	4,010	46,477
35,100	35,000	14,500	4,070	46,475
35,100	35,000	14,500	4,060	46,473
35,100	35,000	14,500	4,000	46,471
35,100	35,000	14,500	3,970	46,470
35,100	35,000	14,500	3,910	46,468
35,100	35,000	14,500	3,900	46,466
35,100	35,000	14,500	3,880	46,464
35,100	35,000	14,500	3,920	46,463
35,100	35,000	14,500	3,810	46,461
35,100	35,000	14,500	3,810	46,459
35,100	35,000	14,500	3,960	46,457
35,100	35,000	14,500	4,210	46,455
35,100	35,000	14,500	4,260	46,454
35,100	35,000	14,500	4,100	46,452
35,100	35,000	14,500	4,030	46,450
35,100	35,000	14,500	3,970	46,448
35,100	35,000	14,500	3,900	46,446
35,100	35,000	14,500	3,960	46,445
35,100	35,000	14,500	4,090	46,443
35,100	35,000	14,500	4,100	46,441
35,100	35,000	14,500	3,790	46,439
35,100	35,000	14,500	3,610	46,438
35,100	35,000	14,500	3,440	46,436
35,100	35,000	14,500	3,800	46,434
35,100	35,000	14,500	4,290	46,432
35,100	35,000	14,500	4,030	46,430
35,100	35,000	14,500	3,640	46,429
35,100	35,000	14,500	3,600	46,427
35,200	35,000	14,500	3,630	46,352
35,200	35,000	14,500	3,580	46,348
35,200	35,000	14,500	3,730	46,345
35,200	35,000	14,500	3,920	46,341
35,200	35,000	14,500	4,010	46,338
35,200	35,000	14,500	4,140	46,334
35,200	35,000	14,500	4,170	46,330
35,200	35,000	14,500	4,120	46,327
35,200	35,000	14,500	4,010	46,323
35,200	35,000	14,500	4,020	46,320
35,200	35,000	14,500	4,010	46,316
35,200	35,000	14,500	3,900	46,313
35,200	35,000	14,500	4,010	46,309
35,200	35,000	14,500	3,940	46,305
35,200	35,000	14,500	3,910	46,302
35,200	35,000	14,500	3,980	46,298
35,200	35,000	14,500	4,030	46,295
35,200	35,000	14,500	4,060	46,291
35,200	35,000	14,500	4,090	46,287
35,100	35,000	14,500	4,050	46,357
35,100	35,000	14,500	3,980	46,355
35,100	35,000	14,500	3,980	46,354
35,100	35,000	14,500	3,980	46,352
35,100	35,000	14,500	3,960	46,350
35,100	35,000	14,500	3,960	46,348
35,100	35,000	14,500	3,980	46,346
35,100	35,000	14,500	3,980	46,345
35,100	35,000	14,600	4,020	46,343
35,100	35,000	14,600	4,050	46,341
35,100	35,000	14,600	3,950	46,339
35,100	35,000	14,600	3,900	46,338
35,100	35,000	14,500	4,110	46,336
35,100	35,000	14,500	3,880	46,334
35,100	35,000	14,500	4,430	46,332
35,100	35,000	14,500	4,910	46,330
35,100	35,000	14,500	4,700	46,329
35,100	35,000	14,500	4,220	46,327
35,100	35,000	14,500	4,280	46,325
35,100	35,000	14,500	4,100	46,323
35,100	35,000	14,500	3,830	46,321
35,100	35,000	14,500	3,860	46,320
35,100	35,000	14,500	3,980	46,318
35,100	35,000	14,600	4,010	46,316
35,100	35,000	14,600	4,000	46,314
35,000	35,000	14,600	3,640	46,386
35,000	35,000	14,600	3,620	46,386
35,000	35,000	14,600	3,840	46,386
35,000	35,000	14,600	4,310	46,386
34,900	35,000	14,600	4,430	46,459
34,900	35,000	14,600	4,400	46,461
34,900	35,000	14,600	4,270	46,462
34,900	35,000	14,600	4,200	46,464
34,900	35,000	14,600	3,990	46,466
34,900	35,000	14,600	3,870	46,468
35,000	35,000	14,600	3,880	46,396
35,000	35,000	14,600	3,810	46,396
35,000	35,000	14,600	3,830	46,396
35,000	35,000	14,500	4,050	46,396
35,000	35,000	14,500	4,190	46,396
35,000	35,000	14,500	4,160	46,396
35,000	35,000	14,500	4,110	46,396
35,000	35,000	14,500	4,010	46,396
35,000	35,000	14,500	3,950	46,396
35,000	35,000	14,500	3,990	46,396
35,000	35,000	14,500	3,960	46,396
34,900	35,000	14,500	3,760	46,470
34,900	35,000	14,600	3,860	46,471
34,900	35,000	14,600	3,880	46,473
34,900	35,000	14,500	3,860	46,475
34,900	35,000	14,500	4,240	46,477
34,900	35,000	14,500	4,250	46,479
34,900	35,000	14,500	4,170	46,480
34,900	35,000	14,500	4,100	46,482
34,900	35,000	14,500	4,060	46,484
34,900	35,000	14,500	3,920	46,486
34,900	35,000	14,500	3,930	46,487
34,900	35,000	14,500	3,900	46,489
34,900	35,000	14,500	3,900	46,491
34,900	35,000	14,500	4,000	46,493
34,900	35,000	14,500	3,970	46,495
34,800	35,000	14,500	3,810	46,570
34,800	35,000	14,500	3,830	46,573
34,800	35,000	14,500	3,890	46,577
34,800	35,000	14,500	4,170	46,580
34,800	35,000	14,500	4,240	46,584
34,800	35,000	14,500	4,120	46,588
34,800	35,000	14,500	4,040	46,591
34,800	35,000	14,500	4,040	46,595
34,800	35,000	14,500	3,960	46,598
34,800	35,000	14,500	3,890	46,602
34,800	35,000	14,500	3,920	46,605
34,800	35,000	14,500	3,930	46,609
34,800	35,000	14,500	4,090	46,613
34,700	35,000	14,500	4,120	46,689
34,700	35,000	14,500	4,070	46,695
34,700	35,000	14,500	4,010	46,700
34,700	35,000	14,500	3,970	46,705
34,700	35,000	14,500	3,930	46,711
34,700	35,000	14,500	3,940	46,716
34,700	35,000	14,500	3,930	46,721
34,800	35,000	14,500	3,930	46,654
34,800	35,000	14,500	3,930	46,657
34,800	35,000	14,500	3,960	46,661
34,800	35,000	14,500	4,040	46,664
34,800	35,000	14,500	4,080	46,668
34,800	35,000	14,500	4,090	46,671
34,800	35,000	14,500	4,060	46,675
34,800	35,000	14,500	4,000	46,679
34,800	35,000	14,500	4,060	46,682
34,800	35,000	14,500	3,940	46,686
34,800	35,000	14,500	3,990	46,689
34,800	35,000	14,500	4,020	46,693
34,800	35,000	14,500	3,980	46,696
34,800	35,000	14,500	4,000	46,700
34,700	35,000	14,500	4,040	46,777
34,700	35,000	14,500	4,010	46,782
34,700	35,000	14,500	4,030	46,788
34,700	35,000	14,500	4,030	46,793
34,700	35,000	14,500	4,020	46,798
34,700	35,000	14,500	4,020	46,804
34,700	35,000	14,500	4,030	46,809
34,700	35,000	14,500	3,980	46,814
34,700	35,000	14,500	4,010	46,820
34,700	35,000	14,500	4,010	46,825
34,700	35,000	14,500	3,970	46,830
34,700	35,000	14,500	3,970	46,836
34,700	35,000	14,500	3,980	46,841
34,700	35,000	14,500	3,980	46,846
34,700	35,000	14,500	4,060	46,852
34,700	35,000	14,500	3,940	46,857
34,700	35,000	14,500	4,040	46,863
34,700	35,000	14,500	4,060	46,868
34,800	35,000	14,500	4,000	46,800
34,800	35,000	14,500	4,010	46,804
34,800	35,000	14,500	4,040	46,807
34,800	35,000	14,500	3,990	46,811
34,800	35,000	14,500	3,990	46,814
34,800	35,000	14,500	3,960	46,818
34,800	35,000	14,500	3,930	46,821
34,800	35,000	14,500	3,950	46,825
34,700	35,000	14,500	3,980	46,902
34,700	35,000	14,500	3,970	46,907
34,700	35,000	14,500	4,010	46,913
34,700	35,000	14,500	4,080	46,918
34,800	35,000	14,500	4,120	46,850
34,800	35,000	14,500	4,110	46,854
34,900	35,000	14,500	4,050	46,784
34,900	35,000	14,500	3,980	46,786
34,900	35,000	14,500	3,940	46,787
34,900	35,000	14,500	3,930	46,789
34,900	35,000	14,500	3,850	46,791
34,900	35,000	14,500	3,650	46,793
34,900	35,000	14,500	3,730	46,795
34,900	35,000	14,500	4,060	46,796
34,900	35,000	14,500	4,210	46,798
34,900	35,000	14,500	4,160	46,800
34,900	35,000	14,500	4,140	46,802
34,900	35,000	14,500	4,090	46,804
34,900	35,000	14,500	4,020	46,805
34,900	35,000	14,500	4,000	46,807
34,900	35,000	14,500	3,980	46,809
34,900	35,000	14,500	3,970	46,811
34,900	35,000	14,500	3,980	46,812
34,900	35,000	14,500	3,860	46,814
34,900	35,000	14,500	3,650	46,816
34,900	35,000	14,500	3,750	46,818
34,900	35,000	14,500	3,820	46,820
35,000	35,000	14,500	4,180	46,748
35,000	35,000	14,500	4,250	46,748
35,000	35,000	14,500	4,260	46,748
35,000	35,000	14,500	4,170	46,748
35,000	35,000	14,500	4,140	46,748
35,000	35,000	14,500	4,090	46,748
35,000	35,000	14,500	4,020	46,748
35,000	35,000	14,500	3,990	46,748
35,000	35,000	14,500	3,950	46,748
35,000	35,000	14,500	3,950	46,748
35,000	35,000	14,500	3,900	46,748
35,000	35,000	14,500	3,970	46,748
35,000	35,000	14,500	3,940	46,748
35,000	35,000	14,500	3,850	46,748
35,000	35,000	14,500	3,880	46,748
35,000	35,000	14,500	3,820	46,748
35,100	35,000	14,500	3,770	46,675
35,100	35,000	14,500	3,790	46,673
35,100	35,000	14,500	3,850	46,671
35,100	35,000	14,500	3,900	46,670
35,100	35,000	14,500	3,960	46,668
35,100	35,000	14,500	4,000	46,666
35,100	35,000	14,500	3,990	46,664
35,100	35,000	14,500	3,950	46,663
35,100	35,000	14,500	3,910	46,661
35,100	35,000	14,500	3,890	46,659
35,100	35,000	14,500	3,900	46,657
35,100	35,000	14,500	3,910	46,655
35,100	35,000	14,500	3,860	46,654
35,100	35,000	14,500	3,890	46,652
35,100	35,000	14,500	3,970	46,650
35,100	35,000	14,500	3,960	46,648
35,100	35,000	14,500	4,060	46,646
35,100	35,000	14,500	4,100	46,645
35,100	35,000	14,500	4,100	46,643
35,100	35,000	14,500	4,030	46,641
35,100	35,000	14,500	4,030	46,639
35,100	35,000	14,500	3,940	46,638
35,100	35,000	14,500	3,900	46,636
35,100	35,000	14,500	3,920	46,634
35,100	35,000	14,500	3,900	46,632
35,100	35,000	14,500	3,900	46,630
35,100	35,000	14,500	4,000	46,629
35,100	35,000	14,500	4,080	46,627
35,200	35,000	14,500	4,100	46,552
35,200	35,000	14,500	4,030	46,548
35,200	35,000	14,500	3,940	46,545
35,200	35,000	14,500	3,880	46,541
35,200	35,000	14,500	3,860	46,538
35,200	35,000	14,500	3,900	46,534
35,200	35,000	14,500	3,930	46,530
35,200	35,000	14,500	4,000	46,527
35,200	35,000	14,500	4,080	46,523
35,200	35,000	14,500	4,100	46,520
35,200	35,000	14,500	4,100	46,516
35,200	35,000	14,500	4,010	46,513
35,200	35,000	14,500	3,950	46,509
35,200	35,000	14,500	3,930	46,505
35,200	35,000	14,500	3,970	46,502
35,200	35,000	14,500	3,940	46,498
35,200	35,000	14,500	3,940	46,495
35,200	35,000	14,500	3,970	46,491
35,200	35,000	14,500	4,010	46,488
35,200	35,000	14,500	4,070	46,484
35,300	35,000	14,500	4,120	46,407
35,400	35,000	14,500	4,100	46,329
35,500	35,000	14,500	4,000	46,248
35,600	35,000	14,500	3,950	46,166
35,700	35,000	14,500	3,940	46,082
35,800	35,000	14,500	3,930	45,996
36,000	35,000	14,500	3,930	45,836
36,000	35,000	14,500	3,970	45,818
36,100	35,000	14,500	4,020	45,727
36,200	35,000	14,500	4,080	45,634
36,400	35,000	14,500	4,120	45,466
36,400	35,000	14,500	4,170	45,441
36,500	35,000	14,500	4,080	45,343
36,600	35,000	14,500	3,980	45,243
36,800	35,000	14,500	3,930	45,068
36,900	35,000	14,500	3,870	44,962
37,000	35,000	14,500	3,830	44,855
37,100	35,000	14,500	3,880	44,746
37,200	35,000	14,500	3,920	44,636
37,200	35,000	14,500	4,010	44,596
37,300	35,000	14,500	4,100	44,484
37,400	35,000	14,500	4,160	44,370
37,400	35,000	14,500	4,100	44,327
37,400	35,000	14,500	4,010	44,284
37,400	35,000	14,500	3,960	44,241
37,400	35,000	14,500	3,930	44,198
37,300	35,000	14,500	3,870	44,229
37,200	35,000	14,500	3,970	44,261
37,200	35,000	14,500	4,050	44,221
37,100	35,000	14,500	4,080	44,255
37,000	35,000	14,500	4,150	44,291
36,900	35,000	14,500	4,130	44,329
36,800	35,000	14,500	4,040	44,368
36,700	35,000	14,500	3,970	44,409
36,500	35,000	14,500	3,930	44,525
36,400	35,000	14,500	3,920	44,571
36,300	35,000	14,500	3,920	44,620
36,200	35,000	14,500	3,930	44,670
36,200	35,000	14,500	3,930	44,648
36,100	35,000	14,500	3,970	44,700
36,100	35,000	14,500	4,050	44,680
36,100	35,000	14,500	4,100	44,661
36,100	35,000	14,500	4,110	44,641
36,100	35,000	14,500	4,050	44,621
36,200	35,000	14,500	4,000	44,529
36,300	35,000	14,500	3,980	44,434
36,400	35,000	14,500	3,970	44,337
36,400	35,000	14,500	3,970	44,312
36,500	35,000	14,500	3,970	44,214
36,700	35,000	14,500	3,960	44,041
36,700	35,000	14,500	3,850	44,011
36,800	35,000	14,500	3,970	43,907
36,900	35,000	14,500	3,980	43,802
37,000	35,000	14,500	3,970	43,695
37,000	35,000	14,500	4,140	43,659
37,100	35,000	14,500	4,900	43,550
37,200	35,000	14,500	5,190	43,439
37,200	35,000	14,500	4,010	43,400
37,200	35,000	14,500	3,670	43,361
37,100	35,000	14,500	3,860	43,395
37,100	35,000	14,500	3,660	43,357
37,000	35,000	14,500	3,790	43,393
37,000	35,000	14,500	4,270	43,357
36,900	35,000	14,500	4,280	43,395
36,800	35,000	14,500	4,330	43,434
36,700	35,000	14,500	4,230	43,475
36,700	35,000	14,500	4,020	43,445
36,500	35,000	14,500	3,960	43,561
36,400	35,000	14,500	3,970	43,607
36,300	35,000	14,500	3,920	43,655
36,100	35,000	14,500	3,910	43,779
35,900	35,000	14,500	3,980	43,905
35,800	35,000	14,500	4,020	43,963
35,700	35,000	14,500	4,100	44,021
35,600	35,000	14,500	4,110	44,082
35,500	35,000	14,500	4,040	44,145
35,400	35,000	14,500	3,980	44,209
35,300	35,000	14,500	3,970	44,275
35,200	35,000	14,500	3,960	44,343
35,100	35,000	14,500	3,940	44,413
35,000	35,000	14,500	3,950	44,484
34,900	35,000	14,500	3,960	44,557
34,900	35,000	14,500	4,010	44,559
34,900	35,000	14,500	4,090	44,561
34,900	35,000	14,500	4,130	44,562
34,900	35,000	14,500	4,170	44,564
34,900	35,000	14,500	4,100	44,566
34,900	35,000	14,500	4,040	44,568
35,000	35,000	14,500	4,050	44,496
35,100	35,000	14,500	4,030	44,423
35,100	35,000	14,500	4,020	44,421
35,200	35,000	14,500	4,000	44,346
35,300	35,000	14,500	4,000	44,270
35,300	35,000	14,500	3,960	44,264
35,400	35,000	14,500	3,840	44,186
35,400	35,000	14,500	3,780	44,179
35,400	35,000	14,500	3,790	44,171
35,500	35,000	14,500	3,960	44,091
35,500	35,000	14,500	4,130	44,082
35,500	35,000	14,500	4,170	44,073
35,500	35,000	14,500	4,120	44,064
35,400	35,000	14,500	4,110	44,129
35,400	35,000	14,500	4,070	44,121
35,300	35,000	14,500	4,000	44,188
35,200	35,000	14,500	4,000	44,255
35,100	35,000	14,500	3,970	44,325
35,100	35,000	14,500	3,980	44,323
35,000	35,000	14,500	3,920	44,395
34,900	35,000	14,500	3,770	44,468
34,800	35,000	14,500	3,880	44,543
34,700	35,000	14,500	4,060	44,620
34,600	35,000	14,500	4,040	44,698
34,500	35,000	14,500	4,100	44,779
34,500	35,000	14,500	4,190	44,788
34,300	35,000	14,500	4,140	44,943
34,100	35,000	14,500	4,000	45,102
34,000	35,000	14,500	3,970	45,191
33,800	35,000	14,500	3,920	45,355
33,800	35,000	14,500	3,910	45,377
33,700	35,000	14,500	3,890	45,471
33,700	35,000	14,500	3,760	45,495
33,700	35,000	14,500	3,820	45,518
33,700	35,000	14,500	3,900	45,541
33,700	35,000	14,500	4,170	45,564
33,800	35,000	14,500	4,290	45,514
33,800	35,000	14,500	4,210	45,536
33,800	35,000	14,500	4,100	45,557
33,900	35,000	14,500	4,060	45,505
34,000	35,000	14,500	4,000	45,452
34,100	35,000	14,500	3,950	45,396
34,200	35,000	14,500	3,950	45,339
34,200	35,000	14,500	4,000	45,354
34,300	35,000	14,500	4,080	45,295
34,400	35,000	14,500	4,010	45,234
34,500	35,000	14,500	3,840	45,171
34,600	35,000	14,500	3,920	45,107
34,600	35,000	14,500	4,050	45,114
34,600	35,000	14,500	3,950	45,121
34,700	35,000	14,500	3,980	45,055
34,700	35,000	14,500	4,110	45,061
34,700	35,000	14,500	4,140	45,066
34,700	35,000	14,500	4,100	45,071
34,700	35,000	14,500	4,040	45,077
34,600	35,000	14,500	3,970	45,155
34,500	35,000	14,500	3,860	45,236
34,500	35,000	14,500	3,720	45,245
34,400	35,000	14,500	3,650	45,327
34,300	35,000	14,500	3,860	45,411
34,200	35,000	14,500	4,150	45,496
34,100	35,000	14,500	4,110	45,584
34,100	35,000	14,500	4,060	45,600
34,000	35,000	14,500	4,080	45,689
33,900	35,000	14,500	4,040	45,780
33,900	35,000	14,500	3,960	45,800
33,700	35,000	14,500	3,950	45,966
33,700	35,000	14,500	3,920	45,989
33,500	35,000	14,500	3,960	46,159
33,500	35,000	14,500	4,070	46,186
33,500	35,000	14,500	4,150	46,213
33,400	35,000	14,500	4,140	46,312
33,400	35,000	14,500	4,030	46,341
33,400	35,000	14,500	3,970	46,370
33,400	35,000	14,500	3,910	46,398
33,500	35,000	14,500	3,760	46,354
33,500	35,000	14,500	3,900	46,380
33,500	35,000	14,500	3,980	46,407
33,600	35,000	14,500	4,020	46,361
33,700	35,000	14,500	4,230	46,312
33,800	35,000	14,500	4,180	46,263
34,000	35,000	14,500	4,060	46,138
34,100	35,000	14,500	4,030	46,082
34,300	35,000	14,500	3,760	45,952
34,500	35,000	14,500	3,800	45,818
34,600	35,000	14,500	3,790	45,754
34,700	35,000	14,500	3,790	45,687
34,800	35,000	14,500	3,990	45,620
34,800	35,000	14,500	4,130	45,623
34,900	35,000	14,500	4,150	45,554
34,900	35,000	14,500	4,150	45,555
34,900	35,000	14,500	4,060	45,557
34,900	35,000	14,500	3,960	45,559
34,800	35,000	14,500	3,970	45,634
34,700	35,000	14,500	3,960	45,711
34,700	35,000	14,500	4,010	45,716
34,700	35,000	14,500	4,080	45,721
34,600	35,000	14,500	4,150	45,800
34,500	35,000	14,500	4,120	45,880
34,400	35,000	14,500	4,050	45,962
34,200	35,000	14,500	4,000	46,120
34,200	35,000	14,500	3,960	46,134
34,000	35,000	14,500	3,950	46,295
34,000	35,000	14,500	3,940	46,313
33,900	35,000	14,500	3,940	46,404
33,900	35,000	14,500	3,950	46,423
33,900	35,000	14,500	4,010	46,443
33,900	35,000	14,500	4,070	46,462
33,800	35,000	14,500	4,090	46,555
33,800	35,000	14,500	4,060	46,577
33,700	35,000	14,500	4,020	46,671
33,600	35,000	14,500	3,990	46,768
33,600	35,000	14,500	3,980	46,793
33,700	35,000	14,500	3,890	46,745
33,700	35,000	14,500	3,680	46,768
33,700	35,000	14,500	3,690	46,791
33,700	35,000	14,500	3,730	46,814
33,800	35,000	14,500	3,680	46,764
33,800	35,000	14,500	3,530	46,786
33,900	35,000	14,500	3,860	46,734
34,100	35,000	14,500	3,890	46,607
34,300	35,000	14,500	3,910	46,477
34,300	35,000	14,500	3,990	46,489
34,500	35,000	14,500	4,050	46,355
34,700	35,000	14,500	4,010	46,218
34,800	35,000	14,500	3,960	46,150
34,900	35,000	14,500	3,980	46,080
35,000	35,000	14,500	3,940	46,009
35,000	35,000	14,500	3,890	46,009
35,000	35,000	14,500	3,910	46,009
35,000	35,000	14,500	3,800	46,009
35,100	35,000	14,500	3,860	45,936
35,100	35,000	14,500	3,970	45,934
35,100	35,000	14,500	3,980	45,932
35,100	35,000	14,500	4,370	45,930
35,000	35,000	14,500	5,220	46,002
35,000	35,000	14,500	4,880	46,002
34,900	35,000	14,500	4,000	46,075
34,800	35,000	14,500	4,050	46,150
34,700	35,000	14,500	3,990	46,227
34,600	35,000	14,500	3,750	46,305
34,500	35,000	14,500	3,980	46,386
34,500	35,000	14,500	4,040	46,395
34,400	35,000	14,500	3,960	46,477
34,400	35,000	14,500	3,970	46,487
34,300	35,000	14,500	3,960	46,571
34,200	35,000	14,500	3,880	46,657
34,100	35,000	14,500	3,900	46,745
34,000	35,000	14,500	3,900	46,834
33,900	35,000	14,500	3,880	46,925
33,900	35,000	14,500	3,940	46,945
33,900	35,000	14,500	4,070	46,964
33,800	35,000	14,500	4,320	47,057
33,900	35,000	14,500	4,380	47,005
33,900	35,000	14,500	4,190	47,025
34,000	35,000	14,500	4,050	46,971
34,100	35,000	14,500	4,030	46,916
34,200	35,000	14,500	4,000	46,859
34,400	35,000	14,500	3,960	46,727
34,500	35,000	14,500	4,020	46,664
34,600	35,000	14,500	4,080	46,600
34,700	35,000	14,500	4,030	46,534
34,900	35,000	14,500	3,600	46,393
35,100	35,000	14,500	3,460	46,248
35,100	35,000	14,500	3,520	46,246
35,200	35,000	14,500	3,860	46,171
35,300	35,000	14,500	4,290	46,095
35,300	35,000	14,500	4,400	46,089
35,400	35,000	14,500	4,300	46,011
35,400	35,000	14,500	4,220	46,004
35,400	35,000	14,500	4,160	45,996
35,400	35,000	14,500	4,000	45,989
35,500	35,000	14,500	3,950	45,909
35,500	35,000	14,500	3,930	45,900
35,400	35,000	14,500	3,950	45,964
35,300	35,000	14,500	3,970	46,030
35,300	35,000	14,500	3,980	46,025
35,200	35,000	14,500	4,020	46,093
35,200	35,000	14,500	4,090	46,089
35,100	35,000	14,500	4,210	46,159
35,000	35,000	14,500	4,040	46,230
34,900	35,000	14,500	4,070	46,304
34,800	35,000	14,500	3,990	46,379
34,700	35,000	14,500	3,980	46,455
34,500	35,000	14,500	4,000	46,607
34,400	35,000	14,500	3,970	46,689
34,300	35,000	14,500	4,010	46,773
34,200	35,000	14,500	4,050	46,859
34,100	35,000	14,500	4,070	46,946
34,100	35,000	14,500	3,800	46,963
34,100	35,000	14,500	3,550	46,979
34,100	35,000	14,500	3,950	46,995
34,100	35,000	14,500	4,140	47,011
34,100	35,000	14,500	4,180	47,027
34,200	35,000	14,500	4,140	46,970
34,200	35,000	14,500	4,170	46,984
34,300	35,000	14,500	4,250	46,925
34,400	35,000	14,500	4,030	46,864
34,500	35,000	14,500	3,920	46,802
34,600	35,000	14,500	3,850	46,738
34,600	35,000	14,500	3,860	46,745
34,700	35,000	14,500	3,810	46,679
34,700	35,000	14,500	3,690	46,684
34,800	35,000	14,500	3,730	46,616
35,000	35,000	14,500	3,910	46,473
35,100	35,000	14,500	4,300	46,400
35,300	35,000	14,500	4,280	46,252
35,400	35,000	14,500	4,150	46,173
35,400	35,000	14,500	4,100	46,166
35,400	35,000	14,500	4,070	46,159
35,500	35,000	14,500	3,930	46,079
35,500	35,000	14,500	3,960	46,070
35,500	35,000	14,500	3,990	46,061
35,400	35,000	14,500	4,000	46,125
35,400	35,000	14,500	4,080	46,118
35,400	35,000	14,500	4,070	46,111
35,300	35,000	14,500	4,040	46,177
35,200	35,000	14,500	4,030	46,245
35,100	35,000	14,500	4,040	46,314
35,000	35,000	14,500	4,010	46,386
34,900	35,000	14,500	3,990	46,459
34,800	35,000	14,500	3,960	46,534
34,800	35,000	14,500	3,960	46,538
34,800	35,000	14,500	3,990	46,541
34,700	35,000	14,500	3,990	46,618
34,700	35,000	14,500	3,980	46,623
34,500	35,000	14,500	3,990	46,775
34,400	35,000	14,500	3,970	46,857
34,300	35,000	14,500	3,970	46,941
34,200	35,000	14,500	4,020	47,027
34,200	35,000	14,500	4,040	47,041
34,200	35,000	14,500	4,050	47,055
34,200	35,000	14,500	4,060	47,070
34,200	35,000	14,500	4,050	47,084
34,300	35,000	14,500	4,010	47,025
34,400	35,000	14,500	3,990	46,964
34,500	35,000	14,500	3,980	46,902
34,500	35,000	14,500	3,960	46,911
34,600	35,000	14,500	3,960	46,846
34,700	35,000	14,500	4,020	46,780
34,900	35,000	14,500	4,050	46,639
35,000	35,000	14,500	4,070	46,568
35,100	35,000	14,500	4,110	46,495
35,200	35,000	14,500	4,070	46,420
35,300	35,000	14,500	3,980	46,343
35,400	35,000	14,500	3,950	46,264
35,500	35,000	14,500	3,920	46,184
35,600	35,000	14,500	3,910	46,102
35,600	35,000	14,500	3,930	46,091
35,600	35,000	14,500	3,950	46,080
35,600	35,000	14,500	4,040	46,070
35,600	35,000	14,500	4,110	46,059
35,500	35,000	14,500	4,130	46,121
35,500	35,000	14,500	3,900	46,112
35,400	35,000	14,500	3,940	46,177
35,300	35,000	14,500	3,970	46,243
35,300	35,000	14,500	3,890	46,238
35,200	35,000	14,500	4,040	46,305
35,100	35,000	14,500	4,130	46,375
35,100	35,000	14,500	4,100	46,373
35,000	35,000	14,500	4,040	46,445
34,900	35,000	14,500	3,990	46,518
34,800	35,000	14,500	3,950	46,593
34,700	35,000	14,500	3,940	46,670
34,600	35,000	14,500	3,920	46,748
34,500	35,000	14,500	3,740	46,829
34,300	35,000	14,500	3,710	46,984
34,200	35,000	14,500	3,950	47,070
34,200	35,000	14,500	4,190	47,084
34,100	35,000	14,500	4,290	47,171
34,100	35,000	14,500	4,110	47,188
34,100	35,000	14,500	4,010	47,204
34,200	35,000	14,500	4,020	47,146
34,200	35,000	14,500	3,940	47,161
34,200	35,000	14,500	3,930	47,175
34,300	35,000	14,500	4,050	47,116
34,400	35,000	14,500	4,120	47,055
34,400	35,000	14,500	4,110	47,066
34,500	35,000	14,500	3,880	47,004
34,600	35,000	14,500	3,760	46,939
34,700	35,000	14,500	3,800	46,873
34,800	35,000	14,500	3,970	46,805
34,900	35,000	14,500	3,760	46,736
34,900	35,000	14,500	3,790	46,737
34,900	35,000	14,500	3,850	46,739
35,000	35,000	14,500	3,770	46,668
35,000	35,000	14,500	3,740	46,668
35,100	35,000	14,500	3,870	46,595
35,200	35,000	14,500	3,920	46,520
35,300	35,000	14,500	3,960	46,443
35,400	35,000	14,500	4,110	46,364
35,400	35,000	14,500	3,940	46,357
35,400	35,000	14,500	3,960	46,350
35,400	35,000	14,500	3,960	46,343
35,400	35,000	14,500	3,870	46,336
35,400	35,000	14,500	3,860	46,329
35,300	35,000	14,500	3,920	46,395
35,200	35,000	14,500	3,910	46,462
35,100	35,000	14,500	3,930	46,532
35,100	35,000	14,500	4,030	46,530
35,000	35,000	14,500	4,070	46,602
34,900	35,000	14,500	4,090	46,675
34,800	35,000	14,500	4,040	46,750
34,700	35,000	14,500	4,050	46,827
34,600	35,000	14,500	3,940	46,905
34,500	35,000	14,500	3,960	46,986
34,400	35,000	14,500	4,000	47,068
34,300	35,000	14,500	3,970	47,152
34,300	35,000	14,500	3,980	47,164
34,200	35,000	14,500	4,040	47,250
34,200	35,000	14,500	4,050	47,264
34,200	35,000	14,500	4,050	47,279
34,200	35,000	14,500	4,050	47,293
34,200	35,000	14,500	4,010	47,307
34,300	35,000	14,500	4,000	47,248
34,300	35,000	14,500	4,010	47,261
34,400	35,000	14,500	4,010	47,200
34,500	35,000	14,500	4,020	47,137
34,500	35,000	14,500	4,040	47,146
34,600	35,000	14,500	4,030	47,082
34,600	35,000	14,500	4,010	47,089
34,600	35,000	14,500	3,960	47,096
34,700	35,000	14,500	3,950	47,030
34,900	35,000	14,500	3,910	46,889
35,000	35,000	14,500	3,890	46,818
35,100	35,000	14,500	3,910	46,745
35,300	35,000	14,500	3,930	46,596
35,300	35,000	14,500	3,960	46,591
35,400	35,000	14,500	4,020	46,512
35,400	35,000	14,500	4,070	46,505
35,500	35,000	14,500	4,110	46,425
35,500	35,000	14,500	4,110	46,416
35,500	35,000	14,500	4,050	46,407
35,500	35,000	14,500	4,010	46,398
35,400	35,000	14,500	3,990	46,462
35,400	35,000	14,500	3,990	46,455
35,400	35,000	14,500	3,970	46,448
35,400	35,000	14,500	3,990	46,441
35,300	35,000	14,500	4,020	46,507
35,200	35,000	14,500	4,030	46,575
35,100	35,000	14,500	4,040	46,645
35,100	35,000	14,500	4,030	46,643
34,900	35,000	14,500	4,000	46,787
34,800	35,000	14,500	3,990	46,863
34,800	35,000	14,500	4,000	46,866
34,600	35,000	14,500	4,020	47,016
34,500	35,000	14,500	4,020	47,096
34,400	35,000	14,500	4,010	47,179
34,300	35,000	14,500	4,010	47,263
34,300	35,000	14,500	4,010	47,275
34,300	35,000	14,500	4,010	47,288
34,200	35,000	14,500	4,010	47,373
34,200	35,000	14,500	4,010	47,387
34,200	35,000	14,500	4,030	47,402
34,300	35,000	14,500	4,020	47,343
34,300	35,000	14,500	3,980	47,355
34,400	35,000	14,500	3,950	47,295
34,500	35,000	14,500	3,950	47,232
34,600	35,000	14,500	3,960	47,168
34,700	35,000	14,500	3,970	47,102
34,900	35,000	14,500	3,980	46,961
35,100	35,000	14,500	4,010	46,816
35,100	35,000	14,500	4,050	46,814
35,100	35,000	14,500	4,080	46,813
35,100	35,000	14,500	4,100	46,811
35,200	35,000	14,500	4,070	46,736
35,300	35,000	14,500	3,950	46,659
35,500	35,000	14,500	3,920	46,507
35,600	35,000	14,500	3,910	46,425
35,600	35,000	14,500	3,860	46,414
35,700	35,000	14,500	3,880	46,330
35,700	35,000	14,500	3,910	46,318
35,600	35,000	14,500	3,940	46,379
35,500	35,000	14,500	4,040	46,441
35,500	35,000	14,500	4,070	46,432
35,400	35,000	14,500	4,100	46,496
35,300	35,000	14,500	4,050	46,563
35,200	35,000	14,500	3,960	46,630
35,100	35,000	14,500	3,930	46,700
35,000	35,000	14,500	3,930	46,771
34,900	35,000	14,500	3,910	46,845
34,900	35,000	14,500	3,960	46,846
34,800	35,000	14,500	4,020	46,921
34,700	35,000	14,500	4,100	46,998
34,500	35,000	14,500	4,120	47,150
34,400	35,000	14,500	4,070	47,232
34,200	35,000	14,500	3,990	47,389
34,100	35,000	14,500	3,940	47,477
34,100	35,000	14,500	3,930	47,493
34,100	35,000	14,500	3,950	47,509
34,100	35,000	14,500	3,950	47,525
34,100	35,000	14,500	3,980	47,541
34,200	35,000	14,500	4,060	47,484
34,200	35,000	14,500	4,060	47,498
34,300	35,000	14,500	4,070	47,439
34,500	35,000	14,500	4,050	47,305
34,600	35,000	14,500	3,990	47,241
34,700	35,000	14,500	3,970	47,175
34,900	35,000	14,500	3,970	47,034
35,000	35,000	14,500	3,970	46,962
35,100	35,000	14,500	3,980	46,889
35,200	35,000	14,500	3,980	46,814
35,300	35,000	14,500	3,990	46,738
35,400	35,000	14,500	3,990	46,659
35,400	35,000	14,500	4,010	46,652
35,400	35,000	14,500	4,020	46,645
35,400	35,000	14,500	4,030	46,637
35,400	35,000	14,500	4,040	46,630
35,400	35,000	14,500	4,050	46,623
35,400	35,000	14,500	4,050	46,616
35,500	35,000	14,500	4,040	46,536
35,500	35,000	14,500	4,000	46,527
35,500	35,000	14,500	3,960	46,518
35,400	35,000	14,500	3,940	46,582
35,400	35,000	14,500	3,920	46,575
35,300	35,000	14,500	3,920	46,641
35,200	35,000	14,500	3,920	46,709
35,100	35,000	14,500	3,920	46,779
35,000	35,000	14,500	3,930	46,850
34,900	35,000	14,500	3,980	46,923
34,800	35,000	14,500	4,030	46,998
34,800	35,000	14,500	4,080	47,002
34,800	35,000	14,500	4,100	47,005
34,700	35,000	14,500	4,040	47,082
34,500	35,000	14,500	3,970	47,234
34,400	35,000	14,500	3,930	47,316
34,200	35,000	14,500	3,910	47,473
34,100	35,000	14,500	3,900	47,561
34,100	35,000	14,500	3,920	47,577
34,100	35,000	14,500	3,960	47,593
34,100	35,000	14,500	4,020	47,609
34,100	35,000	14,500	4,080	47,625
34,100	35,000	14,500	4,120	47,641
34,100	35,000	14,500	4,060	47,657
34,200	35,000	14,500	3,980	47,600
34,300	35,000	14,500	3,920	47,541
34,500	35,000	14,500	3,900	47,407
34,600	35,000	14,500	3,920	47,343
34,800	35,000	14,500	3,970	47,204
34,900	35,000	14,500	3,980	47,134
35,100	35,000	14,500	4,070	46,989
35,200	35,000	14,500	4,100	46,914
35,300	35,000	14,500	4,110	46,838
35,400	35,000	14,500	4,010	46,759
35,500	35,000	14,500	3,990	46,679
35,500	35,000	14,500	3,910	46,670
35,500	35,000	14,500	3,890	46,661
35,500	35,000	14,500	3,920	46,652
35,500	35,000	14,500	3,930	46,643
35,500	35,000	14,500	3,960	46,634
35,600	35,000	14,500	4,040	46,552
35,600	35,000	14,500	4,050	46,541
35,600	35,000	14,500	4,020	46,530
35,600	35,000	14,500	4,030	46,520
35,600	35,000	14,500	4,010	46,509
35,500	35,000	14,500	3,990	46,571
35,500	35,000	14,500	4,000	46,562
35,400	35,000	14,500	3,990	46,627
35,300	35,000	14,500	3,850	46,693
35,200	35,000	14,500	3,810	46,761
35,100	35,000	14,500	3,900	46,830
35,000	35,000	14,500	3,940	46,902
34,900	35,000	14,500	4,600	46,975
34,800	35,000	14,500	4,980	47,050
34,700	35,000	14,500	4,630	47,127
34,500	35,000	14,500	4,270	47,279
34,500	35,000	14,500	4,240	47,287
34,400	35,000	14,500	4,020	47,370
34,300	35,000	14,500	3,790	47,454
34,300	35,000	14,500	3,860	47,466
34,300	35,000	14,500	3,890	47,479
34,300	35,000	14,500	3,990	47,491
34,400	35,000	14,500	4,090	47,430
34,400	35,000	14,500	4,130	47,441
34,500	35,000	14,500	4,020	47,379
34,500	35,000	14,500	3,980	47,387
34,500	35,000	14,500	3,930	47,396
34,600	35,000	14,500	3,910	47,332
34,700	35,000	14,500	3,940	47,266
34,900	35,000	14,500	3,940	47,125
35,000	35,000	14,500	3,990	47,054
35,200	35,000	14,500	4,050	46,907
35,400	35,000	14,500	4,100	46,757
35,500	35,000	14,500	4,090	46,677
35,500	35,000	14,500	4,040	46,668
35,600	35,000	14,500	3,970	46,586
35,600	35,000	14,500	4,040	46,575
35,600	35,000	14,500	4,020	46,564
35,700	35,000	14,500	3,980	46,480
35,700	35,000	14,500	3,990	46,468
35,700	35,000	14,500	4,010	46,455
35,700	35,000	14,500	4,030	46,443
35,600	35,000	14,500	4,050	46,504
35,600	35,000	14,500	4,090	46,493
35,500	35,000	14,500	4,090	46,555
35,500	35,000	14,500	4,010	46,546
35,400	35,000	14,500	4,000	46,611
35,300	35,000	14,500	3,980	46,677
35,100	35,000	14,500	3,960	46,818
35,000	35,000	14,500	3,990	46,889
34,900	35,000	14,500	3,970	46,962
34,800	35,000	14,500	3,970	47,038
34,700	35,000	14,500	3,990	47,114
34,600	35,000	14,500	4,040	47,193
34,500	35,000	14,500	4,060	47,273
34,500	35,000	14,500	4,030	47,282
34,400	35,000	14,500	3,990	47,364
34,400	35,000	14,500	3,960	47,375
34,400	35,000	14,500	3,930	47,386
34,300	35,000	14,500	3,930	47,470
34,300	35,000	14,500	4,000	47,482
34,300	35,000	14,500	4,030	47,495
34,400	35,000	14,500	4,090	47,434
34,400	35,000	14,500	4,120	47,445
34,500	35,000	14,500	4,080	47,382
34,500	35,000	14,500	4,020	47,391
34,600	35,000	14,500	4,020	47,327
34,800	35,000	14,500	4,020	47,188
34,900	35,000	14,500	4,010	47,118
34,900	35,000	14,500	4,010	47,120
35,000	35,000	14,500	4,000	47,048
35,000	35,000	14,500	4,000	47,048
35,100	35,000	14,500	3,930	46,975
35,100	35,000	14,500	4,030	46,973
35,100	35,000	14,500	4,040	46,971
35,200	35,000	14,500	3,950	46,896
35,300	35,000	14,500	3,980	46,820
35,300	35,000	14,500	3,950	46,814
35,400	35,000	14,500	3,910	46,736
35,400	35,000	14,500	3,950	46,729
35,400	35,000	14,500	4,050	46,721
35,400	35,000	14,500	4,080	46,714
35,400	35,000	14,500	4,070	46,707
35,300	35,000	14,500	4,020	46,773
35,300	35,000	14,500	3,940	46,768
35,200	35,000	14,500	3,910	46,836
35,100	35,000	14,500	3,940	46,905
35,000	35,000	14,500	3,990	46,977
34,900	35,000	14,500	4,120	47,050
34,800	35,000	14,500	4,100	47,125
34,700	35,000	14,500	4,050	47,202
34,600	35,000	14,500	4,020	47,280
34,500	35,000	14,500	3,980	47,361
34,500	35,000	14,500	3,980	47,370
34,400	35,000	14,500	3,980	47,452
34,300	35,000	14,500	3,980	47,536
34,300	35,000	14,500	3,960	47,548
34,200	35,000	14,500	3,960	47,634
34,200	35,000	14,500	4,020	47,648
34,200	35,000	14,500	4,050	47,662
34,200	35,000	14,500	4,060	47,677
34,300	35,000	14,500	3,990	47,618
34,300	35,000	14,500	3,940	47,630
34,300	35,000	14,500	3,960	47,643
34,400	35,000	14,500	3,960	47,582
34,500	35,000	14,500	3,970	47,520
34,500	35,000	14,500	4,000	47,529
34,600	35,000	14,500	4,060	47,464
34,700	35,000	14,500	4,080	47,398
34,800	35,000	14,500	4,080	47,330
34,900	35,000	14,500	4,020	47,261
35,000	35,000	14,500	3,980	47,189
35,100	35,000	14,500	3,900	47,116
35,300	35,000	14,500	3,900	46,968
35,500	35,000	14,500	3,910	46,816
35,500	35,000	14,500	3,870	46,807
35,600	35,000	14,500	3,940	46,725
35,600	35,000	14,500	4,020	46,714
35,600	35,000	14,500	4,070	46,704
35,600	35,000	14,500	4,120	46,693
35,600	35,000	14,500	4,070	46,682
35,500	35,000	14,500	4,000	46,745
35,500	35,000	14,500	3,970	46,736
35,400	35,000	14,500	3,950	46,800
35,300	35,000	14,500	3,940	46,866
35,300	35,000	14,500	3,970	46,861
35,200	35,000	14,500	4,060	46,929
35,100	35,000	14,500	4,100	46,998
35,000	35,000	14,500	4,050	47,070
34,900	35,000	14,500	4,010	47,143
34,800	35,000	14,500	4,000	47,218
34,700	35,000	14,500	3,980	47,295
34,600	35,000	14,500	3,990	47,373
34,400	35,000	14,500	3,980	47,527
34,300	35,000	14,500	3,970	47,611
34,300	35,000	14,500	3,990	47,623
34,200	35,000	14,500	4,040	47,709
34,200	35,000	14,500	4,080	47,723
34,200	35,000	14,500	4,100	47,737
34,200	35,000	14,500	4,080	47,752
34,300	35,000	14,500	4,010	47,693
34,300	35,000	14,500	3,990	47,705
34,300	35,000	14,500	3,980	47,718
34,400	35,000	14,500	4,000	47,657
34,500	35,000	14,500	4,020	47,595
34,500	35,000	14,500	4,020	47,604
34,500	35,000	14,500	4,070	47,612
34,600	35,000	14,500	4,070	47,548
34,800	35,000	14,500	4,060	47,409
34,900	35,000	14,500	4,030	47,339
35,100	35,000	14,500	3,980	47,195
35,300	35,000	14,500	3,990	47,046
35,500	35,000	14,500	3,990	46,895
35,600	35,000	14,500	3,980	46,813
35,700	35,000	14,500	3,990	46,729
35,700	35,000	14,500	4,050	46,716
35,700	35,000	14,500	4,050	46,704
35,700	35,000	14,500	4,070	46,691
35,700	35,000	14,500	4,080	46,679
35,700	35,000	14,500	3,830	46,666
35,700	35,000	14,500	3,760	46,654
35,700	35,000	14,500	3,740	46,641
35,700	35,000	14,500	3,680	46,629
35,600	35,000	14,500	3,640	46,689
35,500	35,000	14,500	3,690	46,752
35,400	35,000	14,500	3,750	46,816
35,300	35,000	14,500	3,840	46,882
35,200	35,000	14,500	3,980	46,950
35,100	35,000	14,500	4,050	47,020
35,100	35,000	14,500	4,050	47,018
35,000	35,000	14,500	4,000	47,089
34,900	35,000	14,500	3,910	47,162
34,900	35,000	14,500	3,880	47,164
34,800	35,000	14,500	3,880	47,239
34,700	35,000	14,500	3,870	47,316
34,600	35,000	14,500	3,910	47,395
34,500	35,000	14,500	3,990	47,475
