35,000	35,000	14,100	4,100	47,561
35,000	35,000	14,100	4,060	47,561
35,100	35,000	14,100	3,980	47,488
35,100	35,000	14,100	3,910	47,486
35,100	35,000	14,100	3,960	47,484
35,100	35,000	14,100	4,040	47,482
35,100	35,000	14,100	4,040	47,480
35,100	35,000	14,100	3,950	47,479
35,100	35,000	14,100	3,810	47,477
35,100	35,000	14,100	3,770	47,475
35,100	35,000	14,100	3,790	47,473
35,100	35,000	14,100	3,930	47,471
35,100	35,000	14,100	4,060	47,470
35,100	35,000	14,100	4,040	47,468
35,100	35,000	14,100	4,040	47,466
35,100	35,000	14,100	4,280	47,464
35,100	35,000	14,100	4,280	47,463
35,100	35,000	14,100	4,160	47,461
35,100	35,000	14,100	3,950	47,459
35,100	35,000	14,100	3,940	47,457
35,100	35,000	14,100	3,950	47,455
35,100	35,000	14,100	3,850	47,061
35,100	35,000	14,100	3,740	47,050
35,100	35,000	14,100	3,770	47,038
35,100	35,000	14,100	3,850	47,027
35,100	35,000	14,100	3,830	47,016
35,100	35,000	14,100	3,810	47,004
35,100	35,000	14,100	3,800	46,993
35,100	35,000	14,100	3,850	46,982
35,100	35,000	14,100	3,950	46,970
35,100	35,000	14,100	4,010	46,967
35,100	35,000	14,100	3,980	46,963
35,100	35,000	14,100	3,950	46,959
35,100	35,000	14,100	3,880	46,955
35,100	35,000	14,100	3,850	46,952
35,100	35,000	14,100	3,860	46,948
35,100	35,000	14,100	3,890	46,944
35,100	35,000	14,100	3,970	46,941
35,100	35,000	14,100	4,050	46,937
35,100	35,000	14,100	4,050	46,933
35,100	35,000	14,100	4,010	46,929
35,100	35,000	14,100	3,960	46,926
35,100	35,000	14,100	3,960	46,922
35,100	35,000	14,100	3,980	46,918
35,100	35,000	14,100	3,980	46,914
35,100	38,000	14,100	4,020	60,651
35,100	38,000	14,100	4,050	60,759
35,100	38,000	14,100	4,110	60,867
35,100	38,000	14,100	4,150	60,975
35,100	38,000	14,100	4,060	61,083
35,100	38,000	14,100	3,980	61,191
35,200	38,000	14,100	3,940	60,841
35,200	38,000	14,100	3,860	60,945
35,200	38,000	14,100	3,900	61,049
35,200	38,000	14,100	3,930	61,154
35,200	38,000	14,100	4,060	61,258
35,200	38,000	14,100	4,140	61,362
35,200	38,000	14,100	4,070	61,466
35,300	38,000	14,100	4,010	61,113
35,300	38,000	14,100	3,940	61,213
35,300	38,000	14,100	3,900	61,314
35,200	38,000	14,100	3,930	61,872
35,200	38,000	14,100	4,000	61,977
35,200	38,000	14,100	4,070	62,081
35,200	38,000	14,100	4,110	62,185
35,300	38,000	14,100	4,060	61,831
35,300	38,000	14,100	3,990	61,932
35,300	38,000	14,100	3,950	62,032
35,400	38,000	14,100	3,900	61,675
35,400	38,000	14,100	3,920	61,772
35,400	38,000	14,100	3,920	61,869
35,400	38,000	14,100	3,900	61,965
35,400	38,000	14,100	3,940	62,062
35,400	38,000	14,100	4,000	62,159
35,500	38,000	14,100	4,070	61,798
35,600	38,000	14,100	4,100	61,433
35,600	38,000	14,100	4,030	61,522
35,700	38,000	14,100	3,970	61,154
35,700	38,000	14,100	3,990	61,239
35,700	38,000	14,100	3,950	61,325
35,700	38,000	14,100	3,940	61,411
35,800	38,000	14,100	3,960	61,038
35,900	38,000	14,100	4,010	60,662
36,000	38,000	14,100	4,050	60,282
36,000	38,000	14,100	4,080	60,357
36,100	38,000	14,100	4,070	59,973
36,100	38,000	14,100	4,010	60,044
36,200	38,000	14,100	3,990	59,657
36,200	38,000	14,100	3,980	59,724
36,300	38,000	14,100	4,000	59,333
36,300	38,000	14,100	4,000	59,396
36,400	38,000	14,100	4,010	59,001
36,400	38,000	14,100	3,840	59,061
36,500	38,000	14,100	3,970	58,663
36,600	38,000	14,100	4,000	58,260
36,500	38,000	14,100	4,050	58,771
36,500	38,000	14,100	4,010	58,826
36,500	38,000	14,100	3,990	58,882
36,600	38,000	14,100	4,020	58,480
36,700	38,000	14,100	3,980	58,074
36,800	38,000	14,100	4,060	57,665
36,800	38,000	14,100	4,000	57,709
36,900	38,000	14,100	4,080	57,296
37,000	38,000	14,100	4,030	56,879
37,100	38,000	14,100	3,940	56,458
37,100	38,000	14,100	3,960	56,492
37,100	38,000	14,100	4,000	56,525
37,100	38,000	14,100	3,930	56,559
37,100	38,000	14,100	3,940	56,592
37,200	38,000	14,100	4,020	56,168
37,300	38,000	14,100	4,090	55,739
37,400	38,000	14,100	4,060	55,308
37,500	38,000	14,100	4,010	54,872
37,600	38,000	14,100	4,020	54,432
37,700	38,000	14,100	3,950	53,989
37,700	38,000	14,100	3,970	54,001
37,700	38,000	14,100	3,960	54,012
37,800	38,000	14,100	3,920	53,565
37,900	38,000	14,100	3,930	53,114
38,000	38,000	14,100	3,970	52,660
38,100	38,000	14,100	3,950	52,202
38,100	38,000	14,100	4,020	52,198
38,100	38,000	14,100	4,110	52,195
38,100	38,000	14,100	4,120	52,191
38,100	38,000	14,100	4,120	52,187
38,200	38,000	14,100	4,050	51,725
38,300	38,000	14,100	3,950	51,260
38,300	38,000	14,100	3,920	51,249
38,300	38,000	14,100	3,920	51,238
38,400	38,000	14,100	3,990	50,768
38,400	38,000	14,100	4,070	50,754
38,400	38,000	14,100	4,120	50,739
38,300	38,000	14,100	4,120	51,182
38,300	38,000	14,100	4,030	51,171
38,300	38,000	14,100	3,960	51,159
38,400	38,000	14,100	3,920	50,690
38,500	38,000	14,100	3,900	50,217
38,500	38,000	14,100	3,900	50,199
38,500	38,000	14,100	3,920	50,180
38,500	38,000	14,100	4,000	50,161
38,600	38,000	14,100	4,090	49,685
38,600	38,000	14,100	4,120	49,662
38,700	38,000	14,100	4,050	49,182
38,700	38,000	14,100	3,960	49,156
38,700	38,000	14,100	3,910	49,130
38,700	38,000	14,100	3,900	49,104
38,800	38,000	14,100	3,980	48,620
38,800	38,000	14,100	4,030	48,590
38,700	38,000	14,100	4,060	49,018
38,700	38,000	14,100	4,160	48,992
38,700	38,000	14,100	4,120	48,966
38,700	38,000	14,100	3,990	48,940
38,700	38,000	14,100	3,970	48,914
38,700	38,000	14,100	3,990	48,888
38,700	38,000	14,100	3,940	48,862
38,700	38,000	14,100	3,940	48,836
38,600	38,000	14,100	3,970	49,268
38,600	38,000	14,100	4,030	49,245
38,600	38,000	14,100	4,090	49,223
38,600	38,000	14,100	4,110	49,201
38,600	38,000	14,100	4,030	49,178
38,500	38,000	14,100	3,980	49,614
38,500	38,000	14,100	3,970	49,595
38,500	38,000	14,100	3,950	49,577
38,500	38,000	14,100	3,940	49,558
38,500	38,000	14,100	3,930	49,540
38,400	38,000	14,100	3,950	49,979
38,400	38,000	14,100	3,990	49,964
38,300	38,000	14,100	4,060	50,407
38,300	38,000	14,100	4,080	50,396
38,300	38,000	14,100	4,060	50,385
38,300	38,000	14,100	3,810	50,374
38,300	38,000	14,100	3,880	50,363
38,300	38,000	14,100	3,680	50,351
38,200	38,000	14,100	3,700	50,798
38,200	38,000	14,100	4,030	50,791
38,200	38,000	14,100	4,030	50,783
38,200	38,000	14,100	4,280	50,776
38,100	38,000	14,100	4,850	51,226
38,100	38,000	14,100	4,810	51,223
38,100	38,000	14,100	4,190	51,219
38,100	38,000	14,100	4,060	51,215
38,000	38,000	14,100	4,000	51,670
38,000	38,000	14,100	3,890	51,670
37,900	38,000	14,100	4,050	52,128
37,900	38,000	14,100	4,130	52,131
37,800	38,000	14,100	4,100	52,593
37,800	38,000	14,100	4,060	52,600
37,800	38,000	14,100	4,000	52,608
37,700	38,000	14,100	3,940	53,073
37,600	38,000	14,100	3,960	53,543
37,600	38,000	14,100	3,910	53,557
37,500	38,000	14,100	3,930	54,030
37,500	38,000	14,100	4,060	54,049
37,500	38,000	14,100	4,110	54,068
37,500	38,000	14,100	4,130	54,086
37,500	38,000	14,100	4,040	54,105
37,400	38,000	14,100	3,950	54,581
37,400	38,000	14,100	3,930	54,604
37,400	38,000	14,100	3,910	54,626
37,400	38,000	14,100	3,940	54,648
37,300	38,000	14,100	3,980	55,129
37,300	38,000	14,100	4,160	55,155
37,300	38,000	14,100	4,130	55,181
37,300	38,000	14,100	4,020	55,207
37,200	38,000	14,100	3,990	55,691
37,200	38,000	14,100	3,970	55,721
37,200	38,000	14,100	3,920	55,751
37,200	38,000	14,100	3,950	55,780
37,200	38,000	14,100	4,020	55,810
37,200	38,000	14,100	4,070	55,840
37,200	38,000	14,100	4,130	55,870
37,100	38,000	14,100	4,130	56,358
37,100	38,000	14,100	4,010	56,391
37,100	38,000	14,100	3,950	56,425
37,100	38,000	14,100	3,930	56,458
37,100	38,000	14,100	3,920	56,492
37,100	38,000	14,100	3,900	56,525
37,100	38,000	14,100	3,960	56,559
37,000	38,000	14,100	4,030	57,050
37,000	38,000	14,100	4,220	57,087
37,000	38,000	14,100	4,140	57,125
37,000	38,000	14,100	4,040	57,162
37,000	38,000	14,100	4,000	57,199
37,000	38,000	14,100	3,940	57,236
37,000	38,000	14,100	3,900	57,274
37,000	38,000	14,100	3,980	57,311
37,000	38,000	14,100	4,070	57,348
37,000	38,000	14,100	4,090	57,385
37,000	38,000	14,100	3,960	57,423
37,000	38,000	14,100	3,730	57,460
37,000	38,000	14,100	3,700	57,497
37,000	38,000	14,100	3,790	57,534
37,000	38,000	14,100	4,090	57,572
37,000	38,000	14,100	4,140	57,609
37,000	38,000	14,100	4,200	57,646
37,100	38,000	14,100	4,110	57,225
37,100	38,000	14,100	4,060	57,259
37,200	38,000	14,100	4,020	56,834
37,200	38,000	14,100	4,020	56,864
37,200	38,000	14,100	4,020	56,894
37,200	38,000	14,100	4,010	56,924
37,200	38,000	14,100	4,030	56,953
37,200	38,000	14,100	4,200	56,983
37,300	38,000	14,100	4,070	56,555
37,300	38,000	14,100	4,100	56,581
37,300	38,000	14,100	3,940	56,607
37,400	38,000	14,100	3,850	56,175
37,400	38,000	14,100	3,860	56,197
37,400	38,000	14,100	3,890	56,220
37,400	38,000	14,100	4,090	56,242
37,400	38,000	14,100	4,210	56,265
37,400	38,000	14,100	4,050	56,287
37,400	38,000	14,100	4,020	56,309
37,500	38,000	14,100	3,960	55,874
37,500	38,000	14,100	3,870	55,892
37,500	38,000	14,100	3,910	55,911
37,500	38,000	14,100	3,750	55,929
37,500	38,000	14,100	3,840	55,948
37,600	38,000	14,100	3,830	55,509
37,600	38,000	14,100	3,890	55,524
37,700	38,000	14,100	4,070	55,080
37,700	38,000	14,100	4,230	55,092
37,700	38,000	14,100	4,330	55,103
37,700	38,000	14,100	4,130	55,114
37,700	38,000	14,100	4,100	55,125
37,700	38,000	14,100	4,040	55,136
37,700	38,000	14,100	3,930	55,147
37,800	38,000	14,100	3,770	54,701
37,800	38,000	14,100	3,850	54,708
37,800	38,000	14,100	3,920	54,715
37,800	38,000	14,100	4,030	54,723
37,800	38,000	14,100	4,110	54,730
37,800	38,000	14,100	4,060	54,738
37,900	38,000	14,100	3,970	54,287
37,900	38,000	14,100	3,940	54,291
38,000	38,000	14,100	3,920	53,837
38,000	38,000	14,100	3,920	53,837
38,100	38,000	14,100	4,020	53,379
38,100	38,000	14,100	4,100	53,375
38,100	38,000	14,100	4,090	53,371
38,200	38,000	14,100	3,970	52,910
38,200	38,000	14,100	3,930	52,902
38,300	38,000	14,100	3,900	52,437
38,300	38,000	14,100	3,950	52,425
38,300	38,000	14,100	4,050	52,414
38,300	38,000	14,100	4,120	52,403
38,300	38,000	14,100	4,070	52,392
38,300	38,000	14,100	4,000	52,381
38,300	38,000	14,100	3,960	52,370
38,300	38,000	14,100	3,950	52,358
38,300	38,000	14,100	3,950	52,347
38,300	38,000	14,100	4,000	52,336
38,200	38,000	14,100	4,010	52,783
38,200	38,000	14,100	4,030	52,775
38,200	38,000	14,100	4,060	52,768
38,200	38,000	14,100	4,020	52,761
38,200	38,000	14,100	4,050	52,753
38,200	38,000	14,100	4,020	52,746
38,300	38,000	14,100	3,990	52,280
38,300	38,000	14,100	3,950	52,269
38,300	38,000	14,100	3,920	52,258
38,300	38,000	14,100	3,940	52,247
38,300	38,000	14,100	3,960	52,236
38,300	38,000	14,100	4,080	52,224
38,300	38,000	14,100	4,080	52,213
38,300	38,000	14,100	4,090	52,202
38,300	38,000	14,100	4,010	52,191
38,300	38,000	14,100	3,960	52,180
38,300	38,000	14,100	3,970	52,169
38,300	38,000	14,100	4,010	52,157
38,300	38,000	14,100	4,050	52,146
38,300	38,000	14,100	4,080	52,135
38,300	38,000	14,100	4,160	52,124
38,300	38,000	14,100	4,100	52,113
38,300	38,000	14,100	4,050	52,101
38,300	38,000	14,100	4,010	52,090
38,300	38,000	14,100	3,960	52,079
38,300	38,000	14,100	3,980	52,068
38,200	38,000	14,100	3,960	52,515
38,200	38,000	14,100	3,960	52,507
38,200	38,000	14,100	4,030	52,500
38,200	38,000	14,100	3,950	52,492
38,100	38,000	14,100	3,900	52,943
38,100	38,000	14,100	4,020	52,939
38,100	38,000	14,100	4,070	52,936
38,100	38,000	14,100	3,840	52,932
38,100	38,000	14,100	3,810	52,928
38,100	38,000	14,100	3,790	52,924
38,100	38,000	14,100	3,730	52,921
38,100	38,000	14,100	3,660	52,917
38,100	38,000	14,100	3,810	52,913
38,100	38,000	14,100	3,890	52,910
38,100	38,000	14,100	3,940	52,906
38,100	38,000	14,100	4,000	52,902
38,000	38,000	14,100	4,010	53,356
38,000	38,000	14,100	3,970	53,356
37,900	38,000	14,100	3,910	53,814
37,900	38,000	14,100	3,870	53,818
37,900	38,000	14,100	3,850	53,822
37,900	38,000	14,100	3,860	53,826
37,900	38,000	14,100	3,820	53,829
37,900	38,000	14,100	3,920	53,833
37,900	38,000	14,100	3,970	53,837
37,900	38,000	14,100	4,040	53,840
37,900	38,000	14,100	4,050	53,844
37,900	38,000	14,100	4,060	53,848
37,900	38,000	14,100	3,970	53,852
37,900	38,000	14,100	4,010	53,855
37,900	38,000	14,100	3,970	53,859
37,900	38,000	14,100	3,970	53,863
37,900	38,000	14,100	4,000	53,866
37,900	38,000	14,100	4,030	53,870
37,900	38,000	14,100	4,080	53,874
37,900	38,000	14,100	4,090	53,878
37,900	38,000	14,100	4,060	53,881
37,900	38,000	14,100	4,010	53,885
37,900	38,000	14,100	3,980	53,889
37,900	38,000	14,100	3,980	53,893
37,800	38,000	14,100	3,960	54,354
37,800	38,000	14,100	3,950	54,362
37,800	38,000	14,100	3,970	54,369
37,800	38,000	14,100	3,990	54,377
37,800	38,000	14,100	4,060	54,384
37,800	38,000	14,100	4,110	54,392
37,800	38,000	14,100	4,060	54,399
37,800	38,000	14,100	4,000	54,406
37,800	38,000	14,100	3,940	54,414
37,800	38,000	14,100	3,920	54,421
37,800	38,000	14,100	3,920	54,429
37,800	38,000	14,100	3,750	54,436
37,800	38,000	14,100	4,060	54,444
37,800	38,000	14,100	4,070	54,451
37,700	38,000	14,100	4,060	54,917
37,700	38,000	14,100	4,100	54,928
37,700	38,000	14,100	4,070	54,939
37,700	38,000	14,100	3,950	54,950
37,700	38,000	14,100	3,950	54,961
37,800	38,000	14,100	3,920	54,514
37,800	38,000	14,100	3,960	54,522
37,800	38,000	14,100	4,050	54,529
37,800	38,000	14,100	4,140	54,537
37,800	38,000	14,100	4,140	54,544
37,800	38,000	14,100	4,010	54,552
37,800	38,000	14,100	3,940	54,559
37,800	38,000	14,100	3,900	54,567
37,800	38,000	14,100	3,910	54,574
37,800	38,000	14,100	3,960	54,581
37,800	38,000	14,100	4,050	54,589
37,800	38,000	14,100	4,110	54,596
37,800	38,000	14,100	4,120	54,604
37,800	38,000	14,100	4,010	54,611
37,800	38,000	14,100	3,970	54,619
37,800	38,000	14,100	3,950	54,626
37,800	38,000	14,100	3,920	54,634
37,800	38,000	14,100	3,930	54,641
37,800	38,000	14,100	3,930	54,648
37,800	38,000	14,100	3,970	54,656
37,800	38,000	14,100	4,070	54,663
37,800	38,000	14,100	4,100	54,671
37,800	38,000	14,100	4,060	54,678
37,800	38,000	14,100	3,970	54,686
37,800	38,000	14,100	3,930	54,693
37,800	38,000	14,100	3,910	54,701
37,900	38,000	14,100	3,890	54,250
37,900	38,000	14,100	3,910	54,254
37,900	38,000	14,100	3,960	54,257
37,900	38,000	14,100	4,030	54,261
37,900	38,000	14,100	4,110	54,265
37,900	38,000	14,100	4,100	54,269
37,900	38,000	14,100	4,010	54,272
37,900	38,000	14,100	4,000	54,276
37,900	38,000	14,100	3,980	54,280
37,900	38,000	14,100	3,960	54,284
37,900	38,000	14,100	3,940	54,287
37,900	38,000	14,100	3,940	54,291
37,900	38,000	14,100	3,930	54,295
37,900	38,000	14,100	3,920	54,298
37,900	38,000	14,100	4,000	54,302
37,900	38,000	14,100	4,060	54,306
38,000	38,000	14,100	4,080	53,852
38,000	38,000	14,100	4,100	53,852
38,000	38,000	14,100	4,040	53,852
38,000	38,000	14,100	3,940	53,852
38,000	38,000	14,100	3,890	53,852
38,000	38,000	14,100	3,880	53,852
38,000	38,000	14,100	3,890	53,852
38,100	38,000	14,100	3,940	53,394
38,100	38,000	14,100	4,020	53,390
38,100	38,000	14,100	4,090	53,386
38,000	38,000	14,100	4,090	53,840
38,000	38,000	14,100	4,070	53,840
38,000	38,000	14,100	3,840	53,840
38,000	38,000	14,100	3,880	53,840
38,000	38,000	14,100	3,900	53,840
38,000	38,000	14,100	3,950	53,840
38,000	38,000	14,100	4,700	53,840
38,000	38,000	14,100	5,030	53,840
38,100	38,000	14,100	4,490	53,382
38,000	38,000	14,100	4,370	53,837
38,000	38,000	14,100	4,210	53,837
38,000	38,000	14,100	3,730	53,837
38,000	38,000	14,100	3,780	53,837
38,000	38,000	14,100	3,960	53,837
38,000	38,000	14,100	4,020	53,837
38,000	38,000	14,100	4,170	53,837
38,000	38,000	14,100	4,170	53,837
38,000	38,000	14,100	4,040	53,837
38,000	38,000	14,100	4,010	53,837
38,000	38,000	14,100	4,010	53,837
38,000	38,000	14,100	3,950	53,837
38,000	38,000	14,100	4,010	53,837
38,000	38,000	14,100	4,050	53,837
38,000	38,000	14,100	4,110	53,837
38,000	38,000	14,100	4,130	53,837
38,000	38,000	14,100	4,040	53,837
38,000	38,000	14,100	3,930	53,837
38,100	38,000	14,100	3,910	53,379
38,100	38,000	14,100	3,780	53,375
38,000	38,000	14,100	3,950	53,829
38,000	38,000	14,100	4,080	53,829
38,000	38,000	14,100	4,090	53,829
38,000	38,000	14,100	4,020	53,829
38,000	38,000	14,100	3,970	53,829
37,900	38,000	14,100	3,920	54,287
37,900	38,000	14,100	3,940	54,291
38,000	38,000	14,100	3,940	53,837
38,000	38,000	14,100	3,930	53,837
38,000	38,000	14,100	3,970	53,837
38,000	38,000	14,100	4,050	53,837
38,000	38,000	14,100	4,110	53,837
38,000	38,000	14,100	4,090	53,837
38,000	38,000	14,100	4,020	53,837
37,900	38,000	14,100	3,920	54,295
37,900	38,000	14,100	3,890	54,298
37,900	38,000	14,100	3,920	54,302
37,900	38,000	14,100	3,990	54,306
37,900	38,000	14,100	4,070	54,310
37,900	38,000	14,100	4,100	54,313
37,900	38,000	14,100	4,060	54,317
37,900	38,000	14,100	4,000	54,321
37,900	38,000	14,100	3,960	54,324
37,900	38,000	14,100	3,950	54,328
37,900	38,000	14,100	3,950	54,332
37,800	38,000	14,100	3,990	54,794
37,800	38,000	14,100	4,020	54,801
37,800	38,000	14,100	4,090	54,809
37,900	38,000	14,100	4,110	54,358
37,900	38,000	14,100	4,080	54,362
37,900	38,000	14,100	4,020	54,365
37,900	38,000	14,100	3,980	54,369
37,900	38,000	14,100	3,960	54,373
37,900	38,000	14,100	3,960	54,377
37,900	38,000	14,100	3,960	54,380
37,900	38,000	14,100	3,950	54,384
37,900	38,000	14,100	3,960	54,388
37,900	38,000	14,100	4,000	54,392
37,900	38,000	14,100	4,040	54,395
37,900	38,000	14,100	4,070	54,399
37,900	38,000	14,100	4,060	54,403
37,900	38,000	14,100	4,010	54,406
37,900	38,000	14,100	3,810	54,410
37,900	38,000	14,100	3,940	54,414
37,900	38,000	14,100	3,950	54,418
37,800	38,000	14,100	3,940	54,879
37,800	38,000	14,100	4,040	54,887
37,800	38,000	14,100	4,070	54,894
37,900	38,000	14,100	4,040	54,444
37,900	38,000	14,100	4,000	54,447
37,900	38,000	14,100	3,960	54,451
37,900	38,000	14,100	3,950	54,455
37,900	38,000	14,100	3,950	54,459
37,900	38,000	14,100	3,940	54,462
37,900	38,000	14,100	3,940	54,466
37,900	38,000	14,100	3,940	54,470
37,900	38,000	14,100	4,070	54,473
37,900	38,000	14,100	4,070	54,477
37,900	38,000	14,100	4,060	54,481
37,900	38,000	14,100	4,080	54,485
37,900	38,000	14,100	4,040	54,488
37,900	38,000	14,100	3,960	54,492
37,900	38,000	14,100	3,960	54,496
37,900	38,000	14,100	3,950	54,500
37,900	38,000	14,100	3,980	54,503
37,900	38,000	14,100	4,080	54,507
37,900	38,000	14,100	4,120	54,511
37,900	38,000	14,100	4,120	54,514
37,900	38,000	14,100	4,070	54,518
37,900	38,000	14,100	4,020	54,522
37,900	38,000	14,100	4,010	54,526
37,900	38,000	14,100	4,010	54,529
37,900	38,000	14,100	4,010	54,533
37,900	38,000	14,100	4,010	54,537
37,900	38,000	14,100	4,010	54,540
37,900	38,000	14,100	4,120	54,544
37,900	38,000	14,100	4,000	54,548
37,900	38,000	14,100	4,010	54,552
37,900	38,000	14,100	3,850	54,555
37,900	38,000	14,100	3,820	54,559
37,900	38,000	14,100	3,850	54,563
37,900	38,000	14,100	3,920	54,567
37,900	38,000	14,100	4,060	54,570
37,900	38,000	14,100	4,170	54,574
37,900	38,000	14,100	4,180	54,578
37,900	38,000	14,100	4,020	54,581
37,900	38,000	14,100	3,970	54,585
37,900	38,000	14,100	3,970	54,589
37,900	38,000	14,100	3,920	54,593
37,900	38,000	14,100	3,980	54,596
37,900	38,000	14,100	4,070	54,600
37,900	38,000	14,100	4,130	54,604
37,900	38,000	14,100	4,090	54,607
37,900	38,000	14,100	4,020	54,611
37,900	38,000	14,100	3,970	54,615
37,900	38,000	14,100	3,940	54,619
37,900	38,000	14,100	3,940	54,622
